4 0 1.172 1420545635 14481 0 
4 1 1.208 1420545635 50389 0 
4 2 1.242 1420545635 84413 0 
4 3 1.276 1420545635 118435 0 
4 4 1.311 1420545635 153459 0 
4 5 1.345 1420545635 187481 0 
4 6 1.38 1420545635 221504 0 
4 7 1.413 1420545635 255526 0 
4 8 1.447 1420545635 289550 0 
4 9 1.484 1420545635 326574 0 
4 10 1.519 1420545635 360596 0 
4 11 1.553 1420545635 395620 0 
4 12 1.587 1420545635 429642 0 
4 13 1.624 1420545635 466667 0 
4 14 1.658 1420545635 500690 0 
4 15 1.694 1420545635 536714 0 
4 16 1.735 1420545635 577741 0 
4 17 1.782 1420545635 623772 0 
4 18 1.816 1420545635 657795 0 
4 19 1.849 1420545635 690817 0 
4 20 1.883 1420545635 724839 0 
4 21 1.917 1420545635 758862 0 
4 22 1.954 1420545635 795887 0 
4 23 1.988 1420545635 829910 0 
4 24 2.022 1420545635 863932 0 
4 25 2.056 1420545635 897954 0 
4 26 2.093 1420545635 934979 0 
4 27 2.127 1420545635 969004 0 
4 28 2.163 1420545636 5027 0 
4 29 2.197 1420545636 39049 0 
4 30 2.233 1420545636 75073 0 
4 31 2.268 1420545636 110096 0 
4 32 2.305 1420545636 146120 0 
4 33 2.338 1420545636 180142 0 
4 34 2.375 1420545636 216168 0 
4 35 2.409 1420545636 251191 0 
4 36 2.442 1420545636 284213 0 
4 37 2.476 1420545636 318235 0 
4 38 2.512 1420545636 354259 0 
4 39 2.551 1420545636 393285 0 
4 40 2.584 1420545636 426307 0 
4 41 2.626 1420545636 468335 0 
4 42 2.661 1420545636 503358 0 
4 43 2.696 1420545636 538382 0 
4 44 2.73 1420545636 572404 0 
4 45 2.765 1420545636 607427 0 
4 46 2.799 1420545636 641450 0 
4 47 2.833 1420545636 675474 0 
4 48 2.867 1420545636 709495 0 
4 49 2.902 1420545636 744519 0 
4 50 2.938 1420545636 780544 0 
4 51 2.972 1420545636 814566 0 
4 52 3.012 1420545636 854592 0 
4 53 3.054 1420545636 896620 0 
4 54 3.09 1420545636 932644 0 
4 55 3.135 1420545636 977674 0 
4 57 3.193 1420545637 34712 0 
4 58 3.226 1420545637 68735 0 
4 59 3.263 1420545637 104759 0 
4 60 3.297 1420545637 138782 0 
4 61 3.331 1420545637 172805 0 
4 62 3.365 1420545637 206828 0 
4 63 3.4 1420545637 241851 0 
4 64 3.434 1420545637 275874 0 
4 65 3.47 1420545637 311897 0 
4 66 3.504 1420545637 345920 0 
4 67 3.538 1420545637 379942 0 
4 68 3.571 1420545637 412965 0 
4 69 3.605 1420545637 446987 0 
4 70 3.64 1420545637 482011 0 
4 71 3.674 1420545637 516033 0 
4 72 3.708 1420545637 550056 0 
4 73 3.741 1420545637 583078 0 
4 74 3.777 1420545637 619102 0 
4 75 3.81 1420545637 652124 0 
4 76 3.847 1420545637 689149 0 
4 77 3.88 1420545637 722171 0 
4 78 3.914 1420545637 756194 0 
4 79 3.949 1420545637 790216 0 
4 80 3.983 1420545637 825240 0 
4 81 4.018 1420545637 860263 0 
4 82 4.052 1420545637 894286 0 
4 83 4.085 1420545637 927308 0 
4 84 4.119 1420545637 961331 0 
4 85 4.162 1420545638 4360 0 
4 86 4.205 1420545638 47389 0 
4 87 4.24 1420545638 82412 0 
4 88 4.282 1420545638 124440 0 
4 89 4.317 1420545638 159462 0 
4 90 4.36 1420545638 201490 0 
4 91 4.394 1420545638 235513 0 
4 92 4.427 1420545638 269535 0 
4 93 4.462 1420545638 304559 0 
4 94 4.502 1420545638 344586 0 
4 95 4.536 1420545638 378609 0 
4 96 4.571 1420545638 413631 0 
4 97 4.607 1420545638 449656 0 
4 98 4.645 1420545638 487682 0 
4 99 4.678 1420545638 520703 0 
4 100 4.714 1420545638 556728 0 
4 101 4.749 1420545638 591750 0 
4 102 4.785 1420545638 625773 0 
4 103 4.822 1420545638 663798 0 
4 104 4.858 1420545638 699822 0 
4 105 4.893 1420545638 734847 0 
4 106 4.928 1420545638 769870 0 
4 107 4.962 1420545638 803893 0 
4 108 4.999 1420545638 840917 0 
4 109 5.032 1420545638 873938 0 
4 110 5.076 1420545638 917968 0 
4 111 5.113 1420545638 954992 0 
4 112 5.147 1420545638 988015 0 
4 113 5.181 1420545639 23038 0 
4 114 5.214 1420545639 56060 0 
4 115 5.249 1420545639 91083 0 
4 116 5.283 1420545639 125304 0 
4 117 5.317 1420545639 157987 0 
4 118 5.351 1420545639 193012 0 
4 119 5.388 1420545639 230037 0 
4 120 5.425 1420545639 267061 0 
4 121 5.458 1420545639 300083 0 
4 122 5.491 1420545639 333104 0 
4 123 5.525 1420545639 367127 0 
4 124 5.562 1420545639 404152 0 
4 125 5.597 1420545639 439176 0 
4 126 5.631 1420545639 473198 0 
4 127 5.677 1420545639 519229 0 
4 128 5.711 1420545639 553251 0 
4 129 5.746 1420545639 588274 0 
4 130 5.78 1420545639 622297 0 
4 131 5.817 1420545639 659322 0 
4 132 5.85 1420545639 692345 0 
4 133 5.886 1420545639 728369 0 
4 134 5.92 1420545639 762391 0 
4 135 5.957 1420545639 799415 0 
4 136 5.989 1420545639 831436 0 
4 137 6.024 1420545639 866461 0 
4 138 6.058 1420545639 900482 0 
4 139 6.093 1420545639 935506 0 
4 140 6.128 1420545639 970530 0 
4 141 6.162 1420545640 4552 0 
4 142 6.197 1420545640 39580 0 
4 143 6.234 1420545640 76600 0 
4 144 6.27 1420545640 112625 0 
4 145 6.307 1420545640 149648 0 
4 146 6.34 1420545640 182671 0 
4 147 6.38 1420545640 222698 0 
4 148 6.415 1420545640 257721 0 
4 149 6.45 1420545640 292744 0 
4 150 6.484 1420545640 325766 0 
4 151 6.52 1420545640 361791 0 
4 152 6.556 1420545640 397814 0 
4 153 6.592 1420545640 433838 0 
4 154 6.629 1420545640 470864 0 
4 155 6.664 1420545640 505886 0 
4 156 6.698 1420545640 539908 0 
4 157 6.735 1420545640 576934 0 
4 158 6.77 1420545640 611957 0 
4 159 6.806 1420545640 647981 0 
4 160 6.839 1420545640 681003 0 
4 161 6.885 1420545640 727033 0 
4 162 6.922 1420545640 764058 0 
4 163 6.959 1420545640 801083 0 
4 164 6.995 1420545640 837108 0 
4 165 7.031 1420545640 873132 0 
4 166 7.066 1420545640 908154 0 
4 167 7.1 1420545640 942177 0 
4 168 7.135 1420545640 977200 0 
4 169 7.171 1420545641 13224 0 
4 170 7.206 1420545641 48248 0 
4 171 7.245 1420545641 87274 0 
4 172 7.288 1420545641 130304 0 
4 173 7.323 1420545641 165326 0 
4 174 7.362 1420545641 204352 0 
4 175 7.403 1420545641 244378 0 
4 176 7.45 1420545641 292411 0 
4 177 7.485 1420545641 327434 0 
4 178 7.523 1420545641 365459 0 
4 179 7.557 1420545641 399482 0 
4 180 7.593 1420545641 435507 0 
4 181 7.628 1420545641 470530 0 
4 182 7.662 1420545641 504552 0 
4 183 7.696 1420545641 538575 0 
4 184 7.731 1420545641 573598 0 
4 185 7.771 1420545641 613626 0 
4 186 7.805 1420545641 647647 0 
4 187 7.839 1420545641 681671 0 
4 188 7.876 1420545641 718695 0 
4 189 7.911 1420545641 753718 0 
4 190 7.948 1420545641 790743 0 
4 191 7.983 1420545641 824766 0 
4 192 8.018 1420545641 859790 0 
4 193 8.052 1420545641 893811 0 
4 194 8.088 1420545641 929835 0 
4 195 8.122 1420545641 963858 0 
4 196 8.157 1420545641 998882 0 
4 197 8.193 1420545642 34905 0 
4 198 8.239 1420545642 80936 0 
4 199 8.288 1420545642 129969 0 
4 200 8.328 1420545642 169996 0 
4 201 8.368 1420545642 210022 0 
4 202 8.405 1420545642 247047 0 
4 203 8.443 1420545642 285072 0 
4 204 8.484 1420545642 326100 0 
4 205 8.521 1420545642 363125 0 
4 206 8.558 1420545642 400149 0 
4 207 8.592 1420545642 434172 0 
4 208 8.629 1420545642 471196 0 
4 209 8.662 1420545642 504219 0 
4 210 8.699 1420545642 541243 0 
4 211 8.733 1420545642 575266 0 
4 212 8.777 1420545642 619295 0 
4 213 8.817 1420545642 659323 0 
4 214 8.851 1420545642 693345 0 
4 215 8.887 1420545642 728368 0 
4 216 8.921 1420545642 763391 0 
4 217 8.957 1420545642 799415 0 
4 218 8.991 1420545642 833438 0 
4 219 9.028 1420545642 870463 0 
4 220 9.063 1420545642 905487 0 
4 221 9.097 1420545642 939510 0 
4 222 9.132 1420545642 974533 0 
4 223 9.168 1420545643 10558 0 
4 224 9.208 1420545643 50583 0 
4 225 9.243 1420545643 84606 0 
4 226 9.277 1420545643 119603 0 
4 227 9.313 1420545643 155627 0 
4 228 9.348 1420545643 190650 0 
4 229 9.381 1420545643 223671 0 
4 230 9.416 1420545643 258696 0 
4 231 9.453 1420545643 295721 0 
4 232 9.489 1420545643 331744 0 
4 233 9.523 1420545643 364765 0 
4 234 9.556 1420545643 397789 0 
4 235 9.593 1420545643 434814 0 
4 236 9.627 1420545643 468836 0 
4 237 9.662 1420545643 503859 0 
4 238 9.695 1420545643 536881 0 
4 239 9.731 1420545643 572904 0 
4 240 9.765 1420545643 606927 0 
4 241 9.801 1420545643 642953 0 
4 242 9.835 1420545643 676974 0 
4 243 9.873 1420545643 713999 0 
4 244 9.907 1420545643 749022 0 
4 245 9.942 1420545643 784045 0 
4 246 9.976 1420545643 818068 0 
4 247 10.012 1420545643 854093 0 
4 248 10.046 1420545643 888115 0 
4 249 10.081 1420545643 923138 0 
4 250 10.115 1420545643 957161 0 
4 251 10.15 1420545643 992186 0 
4 252 10.185 1420545644 27207 0 
4 253 10.222 1420545644 64233 0 
4 254 10.256 1420545644 98256 0 
4 255 10.291 1420545644 133278 0 
4 256 10.326 1420545644 168301 0 
4 257 10.363 1420545644 205327 0 
4 258 10.403 1420545644 245353 0 
4 259 10.438 1420545644 280376 0 
4 260 10.472 1420545644 314399 0 
4 261 10.51 1420545644 352424 0 
4 262 10.543 1420545644 385446 0 
4 263 10.581 1420545644 423472 0 
4 264 10.615 1420545644 457495 0 
4 265 10.649 1420545644 491517 0 
4 266 10.682 1420545644 524539 0 
4 267 10.718 1420545644 560563 0 
4 268 10.751 1420545644 593585 0 
4 269 10.786 1420545644 628608 0 
4 270 10.824 1420545644 666634 0 
4 271 10.862 1420545644 704660 0 
4 272 10.896 1420545644 738681 0 
4 273 10.931 1420545644 773705 0 
