4 0 1.246 1420548708 366226 0 
4 1 1.281 1420548708 401249 0 
4 2 1.316 1420548708 436272 0 
4 3 1.358 1420548708 478300 0 
4 4 1.395 1420548708 515326 0 
4 5 1.429 1420548708 549347 0 
4 6 1.464 1420548708 584371 0 
4 7 1.497 1420548708 617394 0 
4 8 1.532 1420548708 652417 0 
4 9 1.565 1420548708 685439 0 
4 10 1.602 1420548708 722463 0 
4 11 1.637 1420548708 757487 0 
4 12 1.675 1420548708 795511 0 
4 13 1.71 1420548708 830536 0 
4 14 1.744 1420548708 864557 0 
4 15 1.779 1420548708 899581 0 
4 16 1.817 1420548708 937607 0 
4 17 1.851 1420548708 971630 0 
4 18 1.884 1420548709 4651 0 
4 19 1.919 1420548709 39675 0 
4 20 1.956 1420548709 76700 0 
4 21 1.991 1420548709 111723 0 
4 22 2.025 1420548709 145745 0 
4 23 2.06 1420548709 180769 0 
4 24 2.098 1420548709 218795 0 
4 25 2.138 1420548709 258821 0 
4 26 2.172 1420548709 292844 0 
4 27 2.209 1420548709 328867 0 
4 28 2.25 1420548709 369895 0 
4 29 2.286 1420548709 406919 0 
4 30 2.321 1420548709 441943 0 
4 31 2.355 1420548709 475966 0 
4 32 2.389 1420548709 509989 0 
4 33 2.426 1420548709 547012 0 
4 34 2.461 1420548709 582036 0 
4 35 2.496 1420548709 617060 0 
4 36 2.544 1420548709 664092 0 
4 37 2.583 1420548709 704118 0 
4 38 2.628 1420548709 749148 0 
4 39 2.669 1420548709 790174 0 
4 40 2.71 1420548709 831203 0 
4 41 2.749 1420548709 870228 0 
4 42 2.784 1420548709 904251 0 
4 43 2.819 1420548709 939274 0 
4 44 2.853 1420548709 973297 0 
4 45 2.886 1420548710 6319 0 
4 46 2.931 1420548710 51349 0 
4 47 2.966 1420548710 86373 0 
4 48 3 1420548710 120396 0 
4 49 3.042 1420548710 162423 0 
4 50 3.081 1420548710 201450 0 
4 51 3.117 1420548710 237473 0 
4 52 3.152 1420548710 272497 0 
4 53 3.187 1420548710 307521 0 
4 54 3.222 1420548710 342554 0 
4 55 3.257 1420548710 376567 0 
4 56 3.294 1420548710 413590 0 
4 57 3.333 1420548710 453617 0 
4 58 3.369 1420548710 489641 0 
4 59 3.406 1420548710 526667 0 
4 60 3.446 1420548710 566692 0 
4 61 3.481 1420548710 600715 0 
4 62 3.514 1420548710 634738 0 
4 63 3.55 1420548710 670762 0 
4 64 3.584 1420548710 704785 0 
4 65 3.619 1420548710 739808 0 
4 66 3.653 1420548710 773831 0 
4 67 3.689 1420548710 809854 0 
4 68 3.726 1420548710 846879 0 
4 69 3.76 1420548710 880902 0 
4 70 3.794 1420548710 914925 0 
4 71 3.832 1420548710 952951 0 
4 72 3.865 1420548710 985972 0 
4 73 3.899 1420548711 19995 0 
4 74 3.937 1420548711 58021 0 
4 75 3.972 1420548711 92864 0 
4 76 4.017 1420548711 137893 0 
4 77 4.059 1420548711 179921 0 
4 78 4.094 1420548711 214944 0 
4 79 4.132 1420548711 252970 0 
4 80 4.166 1420548711 286992 0 
4 81 4.203 1420548711 324017 0 
4 82 4.237 1420548711 358040 0 
4 84 4.282 1420548711 403070 0 
4 85 4.319 1420548711 439093 0 
4 86 4.356 1420548711 477119 0 
4 87 4.394 1420548711 514144 0 
4 88 4.428 1420548711 549168 0 
4 89 4.469 1420548711 590195 0 
4 90 4.508 1420548711 629222 0 
4 91 4.542 1420548711 663243 0 
4 92 4.58 1420548711 700268 0 
4 93 4.614 1420548711 734291 0 
4 94 4.648 1420548711 768313 0 
4 95 4.682 1420548711 802337 0 
4 96 4.717 1420548711 837360 0 
4 97 4.75 1420548711 870382 0 
4 98 4.785 1420548711 905405 0 
4 99 4.819 1420548711 939427 0 
4 100 4.853 1420548711 973450 0 
4 101 4.887 1420548712 7472 0 
4 102 4.923 1420548712 43497 0 
4 103 4.957 1420548712 77520 0 
4 104 4.992 1420548712 112543 0 
4 105 5.026 1420548712 146566 0 
4 106 5.072 1420548712 192596 0 
4 107 5.106 1420548712 226620 0 
4 108 5.148 1420548712 268646 0 
4 109 5.183 1420548712 303671 0 
4 110 5.221 1420548712 341696 0 
4 111 5.256 1420548712 375718 0 
4 112 5.291 1420548712 411742 0 
4 113 5.328 1420548712 448768 0 
4 114 5.369 1420548712 489794 0 
4 115 5.406 1420548712 526819 0 
4 116 5.441 1420548712 561843 0 
4 117 5.475 1420548712 595866 0 
4 118 5.51 1420548712 630888 0 
4 119 5.545 1420548712 665913 0 
4 120 5.581 1420548712 701935 0 
4 121 5.616 1420548712 736960 0 
4 122 5.65 1420548712 770982 0 
4 123 5.686 1420548712 807006 0 
4 124 5.721 1420548712 842029 0 
4 125 5.756 1420548712 877053 0 
4 126 5.791 1420548712 912075 0 
4 127 5.827 1420548712 948101 0 
4 128 5.866 1420548712 986126 0 
4 129 5.9 1420548713 21148 0 
4 130 5.937 1420548713 58174 0 
4 131 5.976 1420548713 97200 0 
4 132 6.012 1420548713 133223 0 
4 133 6.046 1420548713 167246 0 
4 134 6.081 1420548713 201269 0 
4 135 6.116 1420548713 236292 0 
4 136 6.151 1420548713 271316 0 
4 137 6.185 1420548713 305338 0 
4 138 6.224 1420548713 344364 0 
4 139 6.258 1420548713 378387 0 
4 140 6.292 1420548713 412409 0 
4 141 6.326 1420548713 446432 0 
4 142 6.364 1420548713 484457 0 
4 143 6.399 1420548713 519481 0 
4 144 6.438 1420548713 557507 0 
4 145 6.476 1420548713 596532 0 
4 146 6.511 1420548713 631555 0 
4 147 6.547 1420548713 667580 0 
4 148 6.582 1420548713 701603 0 
4 149 6.618 1420548713 738626 0 
4 150 6.66 1420548713 780654 0 
4 151 6.696 1420548713 816680 0 
4 152 6.731 1420548713 851702 0 
4 153 6.765 1420548713 885724 0 
4 154 6.801 1420548713 921748 0 
4 155 6.837 1420548713 957774 0 
4 157 6.876 1420548713 996800 0 
4 158 6.91 1420548714 30823 0 
4 159 6.945 1420548714 65845 0 
4 160 6.98 1420548714 100869 0 
4 161 7.016 1420548714 136893 0 
4 162 7.05 1420548714 170915 0 
4 163 7.084 1420548714 204937 0 
4 164 7.117 1420548714 237960 0 
4 165 7.153 1420548714 273984 0 
4 166 7.188 1420548714 309007 0 
4 167 7.223 1420548714 344031 0 
4 168 7.256 1420548714 377053 0 
4 169 7.291 1420548714 412076 0 
4 170 7.325 1420548714 446098 0 
4 171 7.36 1420548714 481123 0 
4 172 7.395 1420548714 515145 0 
4 173 7.429 1420548714 550169 0 
4 174 7.464 1420548714 584190 0 
4 175 7.508 1420548714 629221 0 
4 176 7.544 1420548714 665244 0 
4 177 7.581 1420548714 701269 0 
4 178 7.616 1420548714 736292 0 
4 179 7.65 1420548714 770315 0 
4 180 7.684 1420548714 804338 0 
4 181 7.721 1420548714 841361 0 
4 182 7.757 1420548714 877386 0 
4 183 7.801 1420548714 921415 0 
4 184 7.842 1420548714 962443 0 
4 185 7.884 1420548715 4471 0 
4 186 7.926 1420548715 46499 0 
4 187 7.965 1420548715 84524 0 
4 188 8.002 1420548715 122549 0 
4 189 8.036 1420548715 156572 0 
4 190 8.072 1420548715 192596 0 
4 191 8.107 1420548715 227620 0 
4 192 8.142 1420548715 262643 0 
4 193 8.175 1420548715 295664 0 
4 194 8.217 1420548715 337693 0 
4 195 8.252 1420548715 372716 0 
4 196 8.287 1420548715 407739 0 
4 197 8.322 1420548715 442764 0 
4 198 8.359 1420548715 479787 0 
4 199 8.394 1420548715 514811 0 
4 200 8.429 1420548715 548833 0 
4 201 8.464 1420548715 584857 0 
4 202 8.499 1420548715 619881 0 
4 203 8.535 1420548715 655905 0 
4 204 8.57 1420548715 690929 0 
4 205 8.609 1420548715 729955 0 
4 206 8.649 1420548715 769981 0 
4 207 8.682 1420548715 803003 0 
4 208 8.716 1420548715 837026 0 
4 209 8.755 1420548715 876052 0 
4 210 8.79 1420548715 911076 0 
4 211 8.824 1420548715 945098 0 
4 212 8.86 1420548715 981121 0 
4 213 8.895 1420548716 15144 0 
4 214 8.929 1420548716 50168 0 
4 215 8.964 1420548716 85191 0 
4 216 8.998 1420548716 119214 0 
4 217 9.037 1420548716 158239 0 
4 218 9.075 1420548716 195265 0 
4 219 9.109 1420548716 229288 0 
4 220 9.148 1420548716 268314 0 
4 221 9.182 1420548716 302337 0 
4 222 9.218 1420548716 338360 0 
4 223 9.253 1420548716 373383 0 
4 224 9.287 1420548716 407405 0 
4 225 9.324 1420548716 444431 0 
4 226 9.364 1420548716 484458 0 
4 227 9.4 1420548716 520481 0 
4 228 9.434 1420548716 554505 0 
4 229 9.471 1420548716 591530 0 
4 230 9.507 1420548716 626552 0 
4 231 9.541 1420548716 661576 0 
4 232 9.576 1420548716 696598 0 
4 233 9.613 1420548716 732623 0 
4 234 9.646 1420548716 766647 0 
4 235 9.686 1420548716 806672 0 
4 236 9.723 1420548716 843697 0 
4 237 9.758 1420548716 877720 0 
4 238 9.791 1420548716 911742 0 
4 239 9.839 1420548716 959774 0 
4 240 9.876 1420548716 996799 0 
4 241 9.911 1420548717 31823 0 
4 242 9.945 1420548717 65844 0 
4 243 9.979 1420548717 99868 0 
4 244 10.017 1420548717 137893 0 
4 245 10.053 1420548717 173917 0 
4 246 10.088 1420548717 208940 0 
4 247 10.136 1420548717 256972 0 
4 248 10.17 1420548717 290995 0 
4 249 10.207 1420548717 328020 0 
4 250 10.241 1420548717 362051 0 
4 251 10.276 1420548717 396066 0 
4 252 10.314 1420548717 435091 0 
4 253 10.349 1420548717 470115 0 
4 254 10.385 1420548717 506139 0 
4 255 10.42 1420548717 541162 0 
4 256 10.466 1420548717 587192 0 
4 257 10.502 1420548717 623216 0 
4 258 10.536 1420548717 657240 0 
4 259 10.572 1420548717 691261 0 
4 260 10.608 1420548717 728286 0 
4 261 10.644 1420548717 764310 0 
4 262 10.677 1420548717 797333 0 
4 263 10.715 1420548717 835358 0 
4 264 10.751 1420548717 871382 0 
4 265 10.789 1420548717 909407 0 
4 266 10.838 1420548717 958440 0 
4 267 10.876 1420548717 995466 0 
4 268 10.911 1420548718 31489 0 
4 269 10.946 1420548718 66512 0 
4 270 10.98 1420548718 100536 0 
4 271 11.014 1420548718 134558 0 
4 272 11.051 1420548718 170581 0 
4 273 11.086 1420548718 206605 0 
4 274 11.121 1420548718 240628 0 
4 275 11.154 1420548718 274651 0 
4 276 11.19 1420548718 310675 0 
4 277 11.225 1420548718 345698 0 
4 278 11.26 1420548718 380723 0 
4 279 11.294 1420548718 414745 0 
4 280 11.331 1420548718 451769 0 
4 281 11.365 1420548718 485791 0 
4 282 11.403 1420548718 523817 0 
4 283 11.437 1420548718 557839 0 
4 284 11.472 1420548718 592862 0 
4 285 11.505 1420548718 625884 0 
4 286 11.54 1420548718 660909 0 
4 287 11.574 1420548718 694931 0 
4 288 11.611 1420548718 731956 0 
4 289 11.653 1420548718 773983 0 
4 290 11.687 1420548718 808007 0 
4 291 11.722 1420548718 843029 0 
4 292 11.756 1420548718 877053 0 
4 293 11.791 1420548718 912076 0 
4 294 11.826 1420548718 947100 0 
4 295 11.865 1420548718 986126 0 
4 296 11.9 1420548719 21148 0 
4 297 11.938 1420548719 59175 0 
4 298 11.975 1420548719 96199 0 
4 299 12.009 1420548719 130222 0 
4 300 12.044 1420548719 165245 0 
4 301 12.084 1420548719 204271 0 
4 302 12.118 1420548719 238294 0 
4 303 12.153 1420548719 273316 0 
4 304 12.187 1420548719 307340 0 
4 305 12.223 1420548719 343364 0 
4 306 12.257 1420548719 377385 0 
4 307 12.291 1420548719 411408 0 
4 308 12.326 1420548719 446432 0 
4 309 12.365 1420548719 485458 0 
4 310 12.4 1420548719 520481 0 
4 311 12.434 1420548719 554504 0 
4 312 12.468 1420548719 588526 0 
4 313 12.504 1420548719 624551 0 
4 314 12.539 1420548719 658574 0 
4 315 12.573 1420548719 693597 0 
4 316 12.607 1420548719 727620 0 
4 317 12.645 1420548719 765646 0 
4 318 12.68 1420548719 800668 0 
4 319 12.716 1420548719 836692 0 
4 320 12.75 1420548719 869715 0 
4 321 12.788 1420548719 908740 0 
4 322 12.822 1420548719 942762 0 
4 323 12.856 1420548719 976786 0 
4 324 12.889 1420548720 9807 0 
4 325 12.924 1420548720 44831 0 
4 326 12.96 1420548720 80854 0 
4 327 12.995 1420548720 115879 0 
4 328 13.033 1420548720 153903 0 
4 329 13.077 1420548720 197933 0 
4 330 13.119 1420548720 239961 0 
4 331 13.163 1420548720 283990 0 
4 332 13.202 1420548720 323017 0 
4 333 13.24 1420548720 361045 0 
4 334 13.287 1420548720 407073 0 
4 335 13.321 1420548720 442096 0 
4 336 13.358 1420548720 479121 0 
4 337 13.391 1420548720 512143 0 
4 338 13.427 1420548720 548166 0 
4 339 13.463 1420548720 583191 0 
4 340 13.501 1420548720 622216 0 
4 341 13.544 1420548720 665245 0 
4 342 13.584 1420548720 704271 0 
4 343 13.618 1420548720 738293 0 
4 344 13.653 1420548720 773317 0 
4 345 13.69 1420548720 810342 0 
4 346 13.724 1420548720 844365 0 
4 347 13.758 1420548720 878388 0 
4 348 13.793 1420548720 913410 0 
4 349 13.832 1420548720 952436 0 
4 350 13.868 1420548720 988460 0 
4 351 13.902 1420548721 22494 0 
4 352 13.936 1420548721 56506 0 
4 353 13.972 1420548721 92530 0 
4 354 14.007 1420548721 127552 0 
4 355 14.041 1420548721 161575 0 
4 356 14.074 1420548721 194598 0 
4 357 14.118 1420548721 238627 0 
4 358 14.155 1420548721 275652 0 
4 359 14.19 1420548721 309675 0 
4 360 14.224 1420548721 344698 0 
4 361 14.258 1420548721 378721 0 
4 362 14.293 1420548721 413744 0 
4 363 14.328 1420548721 448767 0 
4 364 14.366 1420548721 486792 0 
4 365 14.4 1420548721 520815 0 
4 366 14.438 1420548721 557841 0 
4 367 14.48 1420548721 600868 0 
4 368 14.519 1420548721 639894 0 
4 369 14.555 1420548721 675918 0 
4 370 14.589 1420548721 709941 0 
4 371 14.628 1420548721 748967 0 
4 372 14.663 1420548721 783991 0 
4 373 14.698 1420548721 819013 0 
4 374 14.743 1420548721 864043 0 
4 375 14.777 1420548721 898066 0 
4 376 14.814 1420548721 935091 0 
