4 0 0.748 1433081029 30742 0 
4 1 0.78 1433081029 62770 0 
4 2 0.81 1433081029 92784 0 
4 3 0.842 1433081029 124806 0 
4 4 0.872 1433081029 154827 0 
4 5 0.902 1433081029 184845 0 
4 6 0.936 1433081029 218868 0 
4 7 0.968 1433081029 250892 0 
4 8 1.001 1433081029 282912 0 
4 9 1.035 1433081029 317934 0 
4 10 1.071 1433081029 353959 0 
4 11 1.103 1433081029 385979 0 
4 12 1.14 1433081029 423004 0 
4 13 1.176 1433081029 459028 0 
4 14 1.213 1433081029 496060 0 
4 15 1.248 1433081029 531076 0 
4 16 1.283 1433081029 566100 0 
4 17 1.32 1433081029 602125 0 
4 18 1.356 1433081029 638149 0 
4 19 1.391 1433081029 673172 0 
4 20 1.427 1433081029 708196 0 
4 21 1.462 1433081029 744219 0 
4 22 1.498 1433081029 779244 0 
4 23 1.533 1433081029 815268 0 
4 24 1.568 1433081029 850292 0 
4 25 1.603 1433081029 885313 0 
4 26 1.639 1433081029 920337 0 
4 27 1.674 1433081029 956360 0 
4 28 1.919 1433081030 201525 0 
4 29 1.955 1433081030 237549 0 
4 30 1.99 1433081030 271571 0 
4 31 2.025 1433081030 307594 0 
4 32 2.06 1433081030 342621 0 
4 33 2.095 1433081030 377643 0 
4 34 2.13 1433081030 412665 0 
4 35 2.166 1433081030 448689 0 
4 36 2.201 1433081030 483713 0 
4 37 2.237 1433081030 519737 0 
4 38 2.272 1433081030 554761 0 
4 39 2.552 1433081030 833947 0 
4 40 2.587 1433081030 869971 0 
4 41 2.622 1433081030 904993 0 
4 42 2.657 1433081030 940016 0 
4 43 2.692 1433081030 975040 0 
4 44 2.728 1433081031 10064 0 
4 45 2.763 1433081031 46088 0 
4 46 2.8 1433081031 82112 0 
4 47 2.835 1433081031 117135 0 
4 48 2.87 1433081031 152159 0 
4 49 2.905 1433081031 187181 0 
4 50 2.94 1433081031 222205 0 
4 51 3.22 1433081031 502392 0 
4 52 3.255 1433081031 537415 0 
4 53 3.29 1433081031 572439 0 
4 54 3.326 1433081031 608463 0 
4 55 3.361 1433081031 643486 0 
4 56 3.397 1433081031 679511 0 
4 57 3.432 1433081031 714535 0 
4 58 3.467 1433081031 749557 0 
4 59 3.502 1433081031 784581 0 
4 60 3.537 1433081031 819604 0 
4 61 3.572 1433081031 854628 0 
4 62 3.818 1433081032 100791 0 
4 63 3.853 1433081032 135814 0 
4 64 3.889 1433081032 171841 0 
4 65 3.924 1433081032 206863 0 
4 66 3.961 1433081032 243887 0 
4 67 3.996 1433081032 278910 0 
4 68 4.032 1433081032 314935 0 
4 69 4.067 1433081032 349958 0 
4 70 4.102 1433081032 384982 0 
4 71 4.137 1433081032 420006 0 
4 72 4.174 1433081032 457030 0 
4 73 4.387 1433081032 669171 0 
4 74 4.422 1433081032 704194 0 
4 75 4.458 1433081032 740218 0 
4 76 4.496 1433081032 778247 0 
4 77 4.531 1433081032 813266 0 
4 78 4.566 1433081032 848290 0 
4 79 4.603 1433081032 885314 0 
4 80 4.639 1433081032 921339 0 
4 81 4.674 1433081032 956363 0 
4 82 4.826 1433081033 108465 0 
4 83 4.862 1433081033 144495 1 
1 0 0 0 0 0.07831139863 -0.9969165921 0 -0.004972152412 0.9969165921 0.07831139863 0 0 0 0 1 
10825 40 
4 -165.7505646 -1253.916138 -428.6616821 -143.9142151 -1172.535889 -127.6540604 -120.4253464 -1073.887817 163.7217407 -81.42773438 -1059.84021 314.5253906 -218.6677399 -996.7863159 68.75654602 -279.1057739 -1003.902893 -69.35207367 -103.9600067 -1011.213562 -150.9691772 -51.38175583 -1041.304932 -178.6031799 19.82764053 -1153.37561 33.68816376 169.5145264 -1062.766113 104.3380737 156.6404877 -991.9595337 230.7245789 123.1423569 -976.7276611 286.0921021 -216.2790375 -1186.444824 -410.0346069 -221.8200378 -986.0969238 -244.3559723 -334.2812805 -1165.768799 -383.2821655 -371.2139282 -1064.701294 -390.1553955 -106.7250977 -1255.771973 -424.8706665 43.54055786 -1082.681763 -192.3327637 147.0040131 -1170.760376 -416.7459106 45.77760315 -1082.968262 -377.3386841 -126.5311508 -1101.150513 92.70582581 18.10137749 -1011.277405 -230.1030121 -31.35701942 -1008.49939 -155.6778564 105.261322 -940.8123779 332.9033203 99.09307098 -1004.424927 266.9152832 
4 1 1 1 1 1 0.5 0.5 0.5 1 1 1 1 1 1 1 0.5 1 1 0.5 0.5 1 1 1 1 1 

4 84 4.898 1433081033 180513 1 
1 0 0 0 0 0.07831139863 -0.9969165921 0 -0.004972152412 0.9969165921 0.07831139863 0 0 0 0 1 
10825 40 
4 -141.6006165 -1292.620972 -317.8370667 -131.0866241 -1188.447876 -73.96805573 -119.9373016 -1069.781616 163.0702515 -80.64687347 -1052.341187 312.2813721 -217.8242645 -993.1815186 68.53911591 -276.5474854 -999.3577881 -64.42240906 -90.10874176 -1008.176575 -70.37300873 -66.73803711 -1045.439331 -81.04295349 20.72239494 -1149.912964 32.56835938 168.3963165 -1061.825684 105.5803909 140.9729004 -968.6739502 272.4649048 107.3040619 -981.9616089 309.2511597 -192.9188385 -1226.07312 -301.3063354 -221.1167297 -982.9414063 -243.5084229 -334.7555847 -1162.961426 -383.1613159 -279.5218506 -1030.165527 -354.3128662 -83.61121368 -1296.700195 -319.0071716 43.38570404 -1079.349854 -191.7473602 145.2975922 -1168.532104 -417.0211792 45.58215332 -1082.149048 -375.5582581 -124.9600372 -1097.769775 95.61662292 -27.16403961 -1075.663208 -115.7526932 -54.91615295 -1051.220581 -18.52078247 96.93247223 -953.8573608 344.9851379 81.594841 -997.1009521 296.2096863 
4 1 1 1 1 1 0.5 0.5 0.5 1 1 1 0.5 1 1 1 1 1 1 0.5 0.5 1 1 1 1 1 

4 85 4.933 1433081033 215536 1 
1 0 0 0 0 0.07831139863 -0.9969165921 0 -0.004972152412 0.9969165921 0.07831139863 0 0 0 0 1 
10825 40 
4 -132.2436218 -1234.561035 -296.2178955 -127.9754028 -1169.080566 -67.72545624 -119.6043549 -1067.260742 162.6512604 -80.03593445 -1047.875122 310.9549561 -217.2304535 -991.0040894 68.41625214 -276.0148621 -997.0619507 -62.28286743 -90.5713501 -1006.588928 -70.82263947 -65.85002136 -1045.344971 -81.48659515 19.50371552 -1147.437256 32.9210701 167.6629944 -1061.883057 108.1920319 110.6652222 -1000.026672 279.4610901 99.96193695 -986.6850586 314.059021 -183.3152924 -1169.84021 -281.5020142 -245.759201 -915.4379272 -234.9562225 -350.7198181 -1102.363159 -371.9222107 -275.7268372 -982.168396 -345.303009 -74.97471619 -1239.791138 -296.6622009 64.84523773 -1053.299927 -173.3435364 166.7344818 -1144.204956 -397.850647 60.21390915 -1067.973511 -363.9139709 -123.6207047 -1094.15332 98.06478119 -26.38319016 -1078.890625 -106.7755203 -57.0486145 -1050.259155 -16.5644455 81.40115356 -963.7713623 352.8270569 36.53759384 -1002.991943 318.8583069 
4 1 1 1 1 1 0.5 0.5 0.5 1 1 1 1 1 1 1 1 1 1 0.5 0.5 1 1 1 1 1 

4 86 4.97 1433081033 252561 1 
1 0 0 0 0 0.07831139863 -0.9969165921 0 -0.004972152412 0.9969165921 0.07831139863 0 0 0 0 1 
10825 40 
4 -138.4703674 -1208.893188 -285.3027954 -129.5302582 -1150.849365 -60.48301697 -119.4150162 -1065.671997 162.3980713 -79.73081207 -1045.324585 310.1470642 -216.7756653 -989.7299805 68.41038513 -275.4619446 -995.5066528 -60.9368515 -91.1395874 -1005.908203 -72.83017731 -65.50101471 -1047.19104 -82.93364716 19.38511467 -1145.955566 32.87840652 168.2787628 -1062.743652 108.6476135 111.0802155 -1000.109253 278.78479 102.6757965 -986.6343994 314.4943848 -189.4547119 -1145.845703 -270.5865479 -259.3809814 -879.9500732 -234.3965454 -332.8611755 -1159.266357 -381.6820984 -279.7978821 -1028.227661 -353.9025879 -81.06988525 -1214.399414 -286.4480286 86.30444336 -1037.869995 -159.9547119 172.6268768 -1141.182739 -384.6343384 64.67655945 -1066.9823 -355.7601624 -123.1460114 -1091.024292 100.5353012 -27.41106033 -1083.308594 -94.35565186 -57.49604416 -1050.122314 -17.74515533 83.29375458 -965.7139282 358.1845398 36.53562546 -1001.287292 319.2272339 
4 1 1 1 1 1 0.5 0.5 0.5 1 1 1 1 1 1 1 1 1 1 0.5 0.5 1 1 1 1 1 

4 87 5.006 1433081033 288585 1 
1 0 0 0 0 0.07831139863 -0.9969165921 0 -0.004972152412 0.9969165921 0.07831139863 0 0 0 0 1 
10825 40 
4 -143.7476807 -1202.728271 -279.8101196 -131.5272064 -1145.549805 -57.55826569 -119.3040009 -1064.664795 162.2214813 -79.74190521 -1043.956177 309.6705627 -216.519165 -988.9295654 68.43011475 -275.3527222 -994.2376099 -58.9965744 -105.8274765 -1016.680603 -137.3108978 -58.65802002 -1040.090576 -168.0554047 19.23317528 -1145.003784 32.96961975 168.8486481 -1062.736816 109.5301208 115.818634 -996.8294678 279.2647705 107.5102005 -983.9315796 313.6043701 -194.8082123 -1139.84375 -265.3319397 -256.5526428 -864.4555664 -232.2500153 -362.4405518 -1050.110718 -370.4867554 -297.0247803 -926.3289795 -340.6064758 -86.15126038 -1209.359253 -281.2092285 93.98013306 -1033.234253 -157.3488007 169.0510712 -1134.730957 -386.8522339 61.03124619 -1062.262451 -357.0444031 -123.1823883 -1089.057251 102.239624 9.750246048 -1019.056091 -204.1086731 -51.16450882 -1036.939575 -101.3638687 87.14982605 -961.7404785 359.5255127 68.75174713 -1011.023376 303.3590698 
4 1 1 1 1 1 0.5 0.5 0.5 1 1 1 1 1 1 0.5 1 1 1 0.5 0.5 1 1 1 1 1 

4 88 5.185 1433081033 467704 1 
1 0 0 0 0 0.07831139863 -0.9969165921 0 -0.004972152412 0.9969165921 0.07831139863 0 0 0 0 1 
10825 40 
4 -151.9725037 -1194.036743 -275.5322876 -134.7579956 -1137.626587 -52.36601257 -119.4920959 -1063.754028 161.8710632 -82.50431061 -1045.150513 310.066864 -216.3318939 -987.7028809 68.4670639 -274.9900208 -993.5506592 -57.25276184 -108.1204834 -1010.50293 -140.754303 -62.48267746 -1041.34668 -170.1811066 18.56215668 -1144.036499 34.06276703 176.3193054 -1062.21521 96.0247345 132.5353394 -1019.64325 237.7604065 113.687027 -997.3403931 291.6724243 -204.9944 -1133.38147 -265.6350708 -253.3467407 -843.2617188 -222.821167 -360.1531372 -1025.668335 -365.0421448 -260.308075 -933.7597656 -339.4756775 -92.91150665 -1202.119751 -273.9227905 107.9116745 -1025.453247 -152.9976044 219.7054291 -1130.554932 -364.6759949 106.9388199 -1066.347168 -344.9027405 -123.5839005 -1085.709229 105.9980621 4.069439411 -1017.392944 -219.3333435 -61.40493011 -1030.180176 -105.4110107 90.39296722 -965.2949219 348.0714722 79.49526978 -1038.837158 279.7676392 
4 1 1 1 1 1 0.5 0.5 0.5 1 1 1 1 1 1 0.5 1 1 1 0.5 0.5 1 1 1 1 1 

4 89 5.221 1433081033 503728 1 
1 0 0 0 0 0.07831139863 -0.9969165921 0 -0.004972152412 0.9969165921 0.07831139863 0 0 0 0 1 
10825 40 
4 -156.2001495 -1162.589844 -229.1450958 -138.2091064 -1118.524658 -34.07958221 -120.4079971 -1056.948242 164.5001526 -81.87958527 -1034.919189 307.7128296 -216.2917023 -982.5267944 71.18983459 -275.6022644 -992.1028442 -57.70240784 -103.4055557 -1007.733765 -146.6374512 -58.76823425 -1047.803345 -157.962738 12.10496998 -1138.901733 48.15756226 162.7632294 -1057.330078 146.4894714 120.3965607 -1004.115234 274.3540649 110.0659332 -984.9345703 306.1165771 -206.6090088 -1107.249512 -219.9124756 -181.9180603 -821.2904663 -305.3634949 -315.4819336 -1000.092651 -413.6230469 -225.115097 -939.9205322 -343.0662842 -99.92184448 -1171.599487 -228.5558472 142.5550537 -1014.606995 -167.2753906 261.5982666 -1110.475098 -369.9619751 149.9401855 -1056.784668 -351.4217224 -125.3594589 -1075.238159 113.9527435 13.90471554 -1032.720825 -179.8854065 -31.15133095 -1059.110229 -123.469101 91.63806152 -959.6758423 350.666687 77.04615021 -1030.684692 290.8192444 
4 1 1 1 1 1 0.5 0.5 0.5 1 1 1 1 1 1 0.5 1 1 1 0.5 0.5 1 1 1 1 1 

4 90 5.257 1433081033 539752 1 
1 0 0 0 0 0.07831139863 -0.9969165921 0 -0.004972152412 0.9969165921 0.07831139863 0 0 0 0 1 
10825 40 
4 -158.3217316 -1177.858398 -232.1002197 -141.877655 -1128.898926 -28.64000702 -126.0708847 -1064.419922 175.177887 -83.19701385 -1049.702515 312.6836853 -222.0471039 -991.0875244 81.24855042 -280.197876 -1001.53949 -63.10630798 -101.2299118 -1011.959656 -152.1307983 -47.6992836 -1041.540894 -180.5570221 36.01237869 -1163.182739 25.53549957 163.4967194 -1061.864502 147.152832 120.2361755 -1004.984558 278.1470337 114.3628311 -994.8093872 293.5748901 -208.3924408 -1117.067017 -219.7075958 -182.0108032 -818.3110962 -316.3529968 -322.4754028 -1002.618652 -426.1402283 -211.6751862 -973.927002 -362.5526428 -101.0663681 -1182.112061 -232.1930237 152.8706055 -1016.791199 -165.139267 281.6555786 -1111.30249 -374.7816772 161.2330475 -1068.755249 -350.5270386 -130.5797729 -1082.987427 124.8728333 21.1769886 -1013.327454 -235.6519165 -10.8143959 -1018.352295 -164.6140137 97.98918152 -957.8070068 352.0926208 75.21650696 -1021.465027 300.3210449 
4 1 1 1 1 1 0.5 0.5 0.5 1 1 1 1 1 0.5 0.5 1 1 0.5 0.5 0.5 1 1 1 1 1 

4 91 5.294 1433081033 576778 1 
1 0 0 0 0 0.07831139863 -0.9969165921 0 -0.004972152412 0.9969165921 0.07831139863 0 0 0 0 1 
10825 40 
4 -159.0901184 -1183.109009 -233.1199951 -143.4391479 -1132.780884 -26.57837677 -127.9329529 -1066.872314 178.5854492 -83.71143341 -1055.13269 314.8817749 -223.80896 -993.9116211 84.28578949 -280.7615051 -1003.2005 -62.98765564 -100.8782349 -1012.620361 -153.3623047 -49.36924744 -1043.019531 -180.9946594 23.17007256 -1162.212402 45.00067139 164.753952 -1064 144.9333191 121.3323135 -1006.17572 276.7164001 116.4349442 -993.1428833 293.5782776 -209.478714 -1120.937012 -220.2253418 -176.7223053 -818.3580322 -319.6629944 -320.7885132 -1003.528931 -429.7739258 -203.4730072 -990.9840698 -377.4964294 -101.3194275 -1185.922119 -233.1508789 155.9242859 -1017.045654 -164.6733093 292.2871094 -1109.587036 -374.4385986 169.6442108 -1066.937744 -350.1833496 -132.3215027 -1085.748535 128.2367859 18.35272026 -1018.517639 -236.1380157 -21.45770454 -1023.135437 -153.6104126 99.41792297 -956.3903198 352.3701782 77.89723206 -1027.342041 295.9284058 
4 1 1 1 1 1 0.5 0.5 0.5 1 1 1 1 1 0.5 0.5 0.5 1 1 0.5 0.5 1 1 1 1 1 

4 92 5.33 1433081033 612800 1 
1 0 0 0 0 0.07831139863 -0.9969165921 0 -0.004972152412 0.9969165921 0.07831139863 0 0 0 0 1 
10825 40 
4 -158.814621 -1179.19873 -234.433075 -143.3218231 -1129.192139 -26.26107788 -128.5518341 -1064.80249 179.8570557 -83.31064606 -1051.580688 314.0563354 -224.1428833 -992.1461182 85.64246368 -280.4944763 -1003.00708 -64.19772339 -102.4389877 -1011.477295 -153.6234436 -47.52721405 -1041.123535 -181.3145294 13.04450893 -1156.952148 60.06174469 157.7008362 -1069.94165 120.6133499 129.831131 -1012.957092 255.0102234 119.8035049 -989.9833984 292.3483276 -209.8212738 -1118.569214 -222.6310577 -172.1644897 -816.6448364 -312.9406433 -318.60849 -999.9613647 -421.0958557 -205.6194763 -975.9574585 -359.9570618 -100.8629074 -1183.467773 -234.56427 153.4008179 -1016.396606 -162.9762573 291.7969666 -1107.352905 -370.6247864 169.8759613 -1066.305908 -347.8126831 -132.6871338 -1083.136353 129.1727905 20.87091827 -1015.563354 -237.2620544 -27.50436211 -1060.307495 -133.9607849 107.3718567 -950.1741333 350.7658691 80.08004761 -1017.501953 302.9131165 
4 1 1 1 1 1 0.5 0.5 0.5 1 1 1 1 1 0.5 0.5 1 1 0.5 0.5 0.5 1 1 1 1 1 

4 93 5.367 1433081033 649825 1 
1 0 0 0 0 0.07821447402 -0.9969242215 0 -0.004965998698 0.9969242215 0.07821447402 0 0 0 0 1 
10825 40 
4 -158.4524231 -1176.541626 -233.9974365 -143.4197235 -1126.936646 -25.23703766 -128.9120941 -1063.599365 180.7226868 -83.59833527 -1050.051514 314.0715942 -224.4243317 -991.269165 86.31828308 -281.4701233 -1003.955688 -65.9682312 -102.2879105 -1011.403687 -155.0575562 -47.15860367 -1041.148804 -182.5679779 12.2932539 -1155.576904 60.29179382 165.7038269 -1063.473267 135.0550842 126.0058289 -1007.271973 267.4054871 125.2699356 -986.8184204 292.2658691 -209.5142975 -1116.732788 -222.3037109 -170.7031097 -816.9110718 -313.1703186 -318.2443848 -998.4504395 -421.7165833 -357.949646 -1032.328003 -475.8514404 -100.6301117 -1181.590942 -234.3111877 152.640152 -1015.83136 -163.0968323 295.2407532 -1105.735229 -367.4733887 176.5013275 -1069.685913 -345.3382874 -132.9534454 -1081.560791 130.1538544 21.16705894 -1012.757263 -235.6256104 -26.15860558 -1059.963989 -137.6327972 106.8526077 -950.6511841 349.1952515 83.93682861 -1017.76355 311.8627319 
4 1 1 1 1 1 0.5 0.5 0.5 1 1 1 1 1 0.5 0.5 0.5 1 1 0.5 0.5 1 1 1 1 1 

4 94 5.403 1433081033 685850 1 
1 0 0 0 0 0.07821447402 -0.9969242215 0 -0.004965998698 0.9969242215 0.07821447402 0 0 0 0 1 
10825 40 
4 -158.269455 -1174.858154 -233.7124786 -143.5510559 -1125.557617 -24.65797424 -129.1805267 -1062.934692 181.4313965 -83.27661133 -1049.058105 314.1908569 -224.6872864 -990.6499634 86.94348145 -281.505249 -1005.253784 -68.66955566 -100.5155258 -1011.690186 -156.8509064 -44.19232559 -1041.743774 -183.7119141 11.62345409 -1154.748169 60.67264175 171.4789581 -1063.221436 130.4888611 130.3346558 -1006.286133 263.1087036 133.919693 -982.1391602 289.8486328 -209.4175568 -1115.697998 -222.1237793 -167.9502716 -817.4736328 -313.2421265 -316.1812439 -998.4633179 -421.0485229 -355.7415161 -1031.681519 -473.5610352 -100.5265808 -1180.37854 -234.1859131 152.1802368 -1015.631897 -163.1982117 297.2981873 -1105.051758 -365.420105 180.7733459 -1070.028564 -344.5010986 -133.1634216 -1080.643311 130.8603821 23.09183311 -1011.091064 -233.502594 -22.35733795 -1071.040771 -140.8158569 118.3953552 -941.9376221 345.5189209 93.74191284 -1003.257446 314.8270264 
4 1 1 1 1 1 0.5 0.5 0.5 1 1 1 1 1 0.5 0.5 0.5 1 0.5 0.5 0.5 1 1 1 1 1 

4 95 5.44 1433081033 722873 1 
1 0 0 0 0 0.07821447402 -0.9969242215 0 -0.004965998698 0.9969242215 0.07821447402 0 0 0 0 1 
10825 40 
4 -153.746582 -1174.632568 -234.4187317 -142.7779999 -1124.714355 -24.19850159 -129.4123077 -1062.429932 181.9822998 -82.09107971 -1048.53186 314.5827026 -225.028183 -990.2145996 87.24580383 -282.734375 -1006.762268 -70.49932861 -99.68375397 -1012.051392 -158.0170135 -43.80167007 -1041.018555 -184.0606689 11.1200428 -1154.486572 60.38230133 183.5031586 -1065.029541 116.472908 147.1281891 -1002.512817 249.5503387 147.4328613 -975.9238281 283.0072021 -205.1563721 -1115.901733 -222.5258484 -175.3457947 -816.4304199 -311.6659546 -321.8867493 -998.7796021 -418.7843628 -360.3180237 -1032.670532 -469.3630371 -95.69139862 -1180.631836 -235.5525208 153.6715393 -1013.501465 -160.576355 292.451416 -1099.940674 -368.3702087 177.5853271 -1074.638306 -347.1805115 -133.1219177 -1079.994263 131.3200378 23.09413338 -1011.30365 -233.5529175 -25.07044029 -1065.495728 -138.2518768 131.6252441 -935.5463867 339.2407227 112.8499985 -1020.65448 306.3485413 
4 1 1 1 1 1 0.5 0.5 0.5 1 1 1 1 1 0.5 0.5 0.5 1 1 0.5 0.5 1 1 1 1 1 

4 96 5.59 1433081033 871974 1 
1 0 0 0 0 0.07821447402 -0.9969242215 0 -0.004965998698 0.9969242215 0.07821447402 0 0 0 0 1 
10825 40 
4 -156.1073151 -1171.737915 -234.245636 -143.3525238 -1122.861084 -23.02054596 -129.2735901 -1062.331787 183.3850098 -80.30924225 -1050.055176 316.1391602 -225.9278717 -989.9868774 88.06539154 -282.4274597 -893.7871704 -30.6173172 -298.919281 -679.5605469 -10.44907379 -276.8146667 -545.4255981 45.15430069 -1.420533895 -1155.322754 78.34709167 207.3209534 -1125.640991 44.98589325 335.5849915 -955.8190308 73.74188995 403.8864441 -866.8517456 98.80756378 -207.638031 -1113.739624 -224.4779053 -170.2899628 -815.6108398 -307.8809814 -317.1332092 -1001.475281 -431.6579895 -349.5574951 -1031.715942 -491.325592 -98.76566315 -1178.439087 -233.5899353 160.3858032 -1025.737305 -174.9020386 177.1977234 -918.0948486 -484.4980774 218.8418884 -824.1601563 -516.7429199 -133.1359863 -1079.295532 132.7149048 -268.9034729 -514.4313354 50.27212524 -275.067749 -581.743042 72.09354401 430.4588623 -792.8196411 121.978241 446.1300964 -869.5931396 80.74462891 
4 1 1 1 1 1 0.5 0.5 0.5 1 1 1 1 1 0.5 0.5 0.5 1 1 0.5 0.5 1 1 1 1 1 

4 97 5.627 1433081033 909999 1 
1 0 0 0 0 0.07821447402 -0.9969242215 0 -0.004965998698 0.9969242215 0.07821447402 0 0 0 0 1 
10825 40 
4 -156.906311 -1173.662109 -234.4529266 -143.7342834 -1124.531006 -22.69506073 -129.3062134 -1063.597046 183.8947754 -79.71954346 -1053.786011 317.5945435 -226.3277588 -991.2712402 88.60607147 -288.2711182 -893.6044922 -31.38249969 -295.6356201 -676.6106567 9.030143738 -273.1921997 -538.4552002 54.11678314 -0.8593463302 -1156.521484 77.72910309 202.4360962 -1135.759399 0.93409729 355.4147034 -979.7341919 20.48083496 471.4573975 -862.1778564 38.14968872 -208.3366089 -1115.28125 -224.5491943 -168.9388428 -816.0445557 -309.5273438 -317.3639832 -1001.390564 -432.1357422 -351.0921326 -1031.723633 -491.3582764 -99.39669037 -1179.62207 -233.7418365 162.6696167 -1028.314087 -176.6882935 138.8011627 -1115.349976 -539.6497192 189.6779785 -1084.189575 -431.8311157 -133.2496033 -1080.682861 133.2202148 -264.4272766 -510.9178467 50.975914 -268.2156677 -534.6192017 65.41148376 504.4763794 -802.0531616 41.37022781 514.2401123 -848.2702026 27.08319855 
4 1 1 1 1 1 0.5 0.5 0.5 1 1 1 1 1 0.5 0.5 0.5 1 1 0.5 0.5 1 1 1 1 1 

4 98 5.665 1433081033 948028 1 
1 0 0 0 0 0.07821447402 -0.9969242215 0 -0.004965998698 0.9969242215 0.07821447402 0 0 0 0 1 
10825 40 
4 -156.8875122 -1173.270752 -234.2860107 -143.4785156 -1124.713257 -22.05438232 -128.4814453 -1064.938721 184.9855347 -78.68932343 -1055.062988 318.4026184 -227.1737823 -993.0144043 89.69841766 -287.521759 -894.0866699 -28.08559418 -274.1073914 -682.901062 27.42469978 -272.8149109 -541.2063599 56.65556335 -2.243274927 -1155.893799 78.68951416 99.28939819 -1196.724854 -31.50153351 228.0546112 -1146.771606 47.48661423 225.8613586 -1162.633911 36.947155 -208.3768921 -1115.38562 -224.4482727 -168.8263092 -816.6259766 -309.8903198 -315.4252014 -999.3580322 -439.2486572 -346.7266235 -1025.820557 -503.0646057 -99.36953735 -1179.240479 -233.548233 163.4519501 -1029.309448 -178.3794098 139.2936707 -1116.113159 -541.7717285 190.225647 -1085.859009 -433.557251 -132.5610046 -1081.676147 134.2366943 -265.8897095 -513.6694336 52.35108566 -267.5428467 -543.7317505 66.72251129 292.6246643 -1121.436768 20.18888855 227.3772583 -1164.732422 49.32731247 
4 1 1 1 1 1 0.5 0.5 0.5 1 1 1 0.5 1 0.5 0.5 0.5 1 1 0.5 0.5 1 1 1 1 1 

4 99 5.699 1433081033 981047 1 
1 0 0 0 0 0.07821447402 -0.9969242215 0 -0.004965998698 0.9969242215 0.07821447402 0 0 0 0 1 
10825 40 
4 -156.9610138 -1173.056519 -234.2672424 -143.4348755 -1124.548218 -21.92220306 -128.3521118 -1064.922852 185.1305542 -77.13118744 -1056.039307 319.1226807 -227.2442322 -993.1061401 89.8828125 -292.6046143 -1018.329834 -76.46797943 -296.7414551 -812.9730835 -6.971817017 -300.5614929 -617.0443726 55.11136246 0.01580580324 -1154.609619 74.83610535 100.5814514 -1197.731201 -32.9585495 228.2813721 -1151.054443 46.69076157 239.1540527 -1187.48291 36.34003448 -208.7451019 -1116.059326 -224.4459839 -169.7416534 -817.0366821 -308.6248779 -315.7424316 -1002.487305 -435.1021729 -348.2780762 -1031.264038 -497.2447205 -99.34609985 -1178.921265 -233.5535431 163.9635773 -1029.789917 -179.6905518 139.5205841 -1116.287842 -543.416626 190.4141388 -1086.3927 -434.8049927 -132.4414978 -1081.61853 134.3909302 -268.9355164 -551.3636475 65.35539246 -262.5227661 -544.5314941 66.63118744 265.1313477 -1179.73877 34.18387604 240.4655609 -1181.875488 38.83266068 
4 1 1 1 1 1 1 1 0.5 1 1 1 0.5 1 0.5 0.5 0.5 1 1 0.5 0.5 1 1 1 1 1 

4 100 5.734 1433081034 17070 1 
1 0 0 0 0 0.07821447402 -0.9969242215 0 -0.004965998698 0.9969242215 0.07821447402 0 0 0 0 1 
10825 40 
4 -155.0477753 -1173.863647 -234.9845581 -142.403595 -1124.88147 -21.8211441 -127.8974686 -1065.054565 185.3868103 -74.06656647 -1056.799316 319.7454529 -227.1470947 -993.3521729 90.06630707 -291.9510498 -1018.615601 -76.03642273 -276.3441162 -812.8952637 -15.37038803 -272.0147705 -747.0404663 4.746658325 2.057616234 -1153.943604 71.36586761 93.890625 -1192.793823 -44.28034973 147.3845367 -1194.816528 100.2866135 156.1796722 -1198.952881 75.73942566 -206.6702881 -1118.15625 -225.5651855 -174.3628235 -817.0670776 -304.9537964 -319.8466187 -1004.406128 -429.4425659 -353.219696 -1034.874268 -490.4283142 -97.18554688 -1178.944214 -234.1280365 165.4236603 -1028.751221 -179.7315674 140.7077789 -1114.946411 -543.7301025 191.4487915 -1086.0354 -434.6461792 -131.8426208 -1081.783447 134.6424713 -241.0201111 -681.1151123 15.43740845 -234.2866669 -673.8574829 17.65545654 145.0120544 -1212.598633 103.5917358 139.2426758 -1205.696411 101.3647614 
4 1 1 1 1 1 1 0.5 0.5 1 1 1 0.5 1 1 0.5 0.5 1 1 0.5 0.5 1 0.5 0.5 1 1 

4 101 5.77 1433081034 53094 1 
1 0 0 0 0 0.07821447402 -0.9969242215 0 -0.004965998698 0.9969242215 0.07821447402 0 0 0 0 1 
10825 40 
4 -153.9760284 -1174.185303 -235.367218 -141.2594604 -1125.188599 -21.71825409 -126.7845612 -1065.370972 185.7369385 -67.97521973 -1057.830811 320.2474976 -226.651825 -993.9223022 90.35426331 -291.6150818 -1020.039307 -75.81156921 -301.059967 -847.206604 55.29705811 -336.1193542 -766.9060059 119.243866 29.7450161 -1164.467041 41.28911972 113.8454514 -1206.795776 -80.01781464 124.8915863 -1186.978027 76.03580475 150.6257629 -1200.165283 61.43387222 -205.7010956 -1119.300659 -225.5383606 -176.1087952 -817.1159668 -304.4603577 -322.1144409 -1005.816833 -426.2838135 -358.1137085 -1036.777344 -486.1386719 -95.61319733 -1178.652466 -235.1237183 167.6894379 -1028.677612 -179.7893066 142.6335754 -1114.47583 -543.9080811 193.3592224 -1086.271729 -434.177002 -130.6829987 -1082.096802 134.9526825 -329.2494507 -750.5150757 115.2716293 -314.1373291 -733.8149414 102.2681427 148.4723053 -1214.864136 93.45482635 111.7192307 -1172.594849 62.35490799 
4 1 1 1 1 1 0.5 0.5 0.5 1 1 1 1 1 1 0.5 0.5 1 0.5 0.5 0.5 1 1 0.5 1 1 

4 102 5.808 1433081034 89119 1 
1 0 0 0 0 0.07821447402 -0.9969242215 0 -0.004965998698 0.9969242215 0.07821447402 0 0 0 0 1 
10825 40 
4 -154.0669708 -1175.853271 -235.6727295 -140.3782501 -1126.89563 -21.52791595 -124.2091064 -1066.998901 186.2367859 -57.8638382 -1060.858887 321.2635193 -225.5058136 -995.7210693 91.05530548 -291.493103 -1023.137512 -74.82253265 -308.3348999 -853.7828369 63.6937027 -300.9749756 -688.1838379 156.2918701 30.74938965 -1165.758423 40.78160095 108.5317154 -1206.229248 -87.56005859 127.2807007 -1190.565063 69.69322205 150.7481079 -1205.542236 58.41415024 -205.9353027 -1121.369141 -225.1225128 -177.7183685 -817.8448486 -305.007019 -319.4664612 -1004.178833 -435.48703 -351.0689087 -1029.797485 -501.6736755 -95.36727142 -1179.547119 -235.7705536 169.5729675 -1029.628418 -180.9853668 144.2284546 -1114.972778 -545.6130371 194.720932 -1086.603149 -434.885498 -128.5588531 -1083.770752 135.417923 -268.9929199 -623.7371216 192.7235107 -278.9671326 -655.0008545 138.1941223 151.3196716 -1224.42041 92.21140289 110.2909012 -1173.367798 61.67121887 
4 1 1 1 1 1 0.5 0.5 0.5 1 1 1 0.5 1 1 0.5 0.5 1 0.5 0.5 0.5 1 1 0.5 1 1 

4 103 6.053 1433081034 335282 1 
1 0 0 0 0 0.07802206278 -0.9969485998 0 -0.002476890804 0.9969485998 0.07802206278 0 0 0 0 1 
10825 40 
4 -107.3089294 -1165.39978 -224.1346436 -64.02252197 -1142.416992 -4.574241638 -20.34012032 -1107.254761 206.3433228 62.30654907 -1107.074951 319.9338379 -154.9354858 -1033.534668 103.1463928 -256.5512085 -1045.695435 -60.65442657 -271.942627 -843.7442017 38.24214935 -271.4868164 -631.8190918 160.1864014 106.8862305 -1221.607544 65.7538681 78.21062469 -1178.73645 -109.6524582 163.5593109 -1221.692627 79.63088989 165.3120728 -1227.876587 88.79151154 -156.3637848 -1103.673096 -202.084549 -235.7055664 -874.4605713 -485.7019653 -294.0080566 -1200.16748 -402.2601318 -343.7021179 -1111.283325 -374.6545105 -53.3112793 -1170.88269 -235.3419189 178.0127869 -960.4644165 -146.210144 196.4749756 -880.1342773 -482.0524902 240.269989 -781.4234619 -517.704895 -31.23393059 -1117.897949 154.919342 -254.8952026 -596.6397095 186.99617 -263.3587036 -614.5170288 135.9270935 204.7438049 -1249.783081 83.98745728 138.2474365 -1213.210571 124.7384491 
4 1 1 1 1 1 0.5 0.5 0.5 1 1 1 0.5 1 0.5 0.5 0.5 1 0.5 0.5 0.5 1 1 1 1 1 

4 104 6.09 1433081034 372309 1 
1 0 0 0 0 0.07802206278 -0.9969485998 0 -0.002476890804 0.9969485998 0.07802206278 0 0 0 0 1 
10825 40 
4 -102.2445602 -1168.716675 -223.3561859 -58.65045166 -1145.578857 -3.466438293 -15.63484573 -1110.022217 207.4024963 72.61286163 -1112.744995 320.5262451 -154.9529572 -1034.053345 103.3241577 -225.9651337 -1038.736328 -58.20555878 -247.7704468 -838.7041016 42.55963898 -273.2546692 -631.8294678 159.3980408 112.7147141 -1227.122192 72.98731995 78.81170654 -1178.399902 -108.0269775 214.0292358 -1235.070679 39.46807861 218.9754028 -1250.121948 63.8808403 -151.3508759 -1107.550659 -201.8422394 -239.3513336 -873.2052002 -482.5251465 -295.044342 -1203.401001 -402.2614441 -344.5958862 -1113.192993 -375.9290161 -48.1938324 -1173.314941 -233.9917908 203.9183807 -983.3443604 -152.2468109 201.2086639 -888.1608276 -488.0032349 242.9303894 -787.15625 -523.2633057 -26.27181244 -1120.814331 156.0273743 -260.1113586 -604.4544067 180.9133606 -302.6543579 -680.0203857 103.931488 209.7572327 -1267.233154 93.98344421 184.4285126 -1227.282349 92.42432404 
4 1 1 1 1 1 0.5 0.5 0.5 1 0.5 0.5 0.5 1 0.5 0.5 0.5 1 0.5 0.5 0.5 1 1 1 1 1 

4 105 6.125 1433081034 407330 1 
1 0 0 0 0 0.07802206278 -0.9969485998 0 -0.002476890804 0.9969485998 0.07802206278 0 0 0 0 1 
10825 40 
4 -96.71524811 -1174.848633 -222.9659882 -48.5 -1152.877686 -2.34967804 -0.1404512227 -1118.608032 209.1920319 82.38500977 -1118.792603 322.5874634 -125.3369598 -1046.226563 108.4065094 -223.9623871 -935.093811 23.49272537 -263.940979 -732.4910278 114.1551819 -272.7938843 -630.7709961 159.0826721 133.7631989 -1243.994629 90.42111206 82.82446289 -1180.359253 -101.5106125 220.3609161 -1237.260132 43.38371658 221.8394623 -1258.288696 66.49662781 -144.5582123 -1115.147949 -202.5070343 -247.9839935 -867.2403564 -469.6893311 -295.9853516 -1203.570923 -399.7789001 -344.8294067 -1111.578979 -376.0101318 -43.96767044 -1177.919312 -232.7979736 215.7990112 -995.3320313 -154.4332886 205.7541962 -894.4604492 -491.5039368 248.7648468 -794.2418823 -527.4851074 -12.13352966 -1129.095947 157.6587067 -258.1833496 -598.3082886 177.791626 -302.5838013 -679.8581543 103.8842087 223.5132599 -1271.52832 83.23812866 188.8488007 -1235.451538 94.99121094 
4 1 1 1 1 1 0.5 0.5 0.5 1 0.5 0.5 0.5 1 0.5 0.5 0.5 1 0.5 0.5 0.5 1 1 0.5 1 1 

4 106 6.16 1433081034 442353 1 
1 0 0 0 0 0.07802206278 -0.9969485998 0 -0.002476890804 0.9969485998 0.07802206278 0 0 0 0 1 
10825 40 
4 -89.85504913 -1177.061035 -223.6429749 -39.97447586 -1156.496216 -2.07623291 8.909454346 -1123.71106 210.292923 90.35523224 -1123.805664 324.4386902 -119.9998245 -1047.547363 109.4605484 -197.9985046 -1022.911255 -65.22234344 -225.8089142 -826.6207886 42.50073242 -271.8372803 -632.2145996 163.4111481 138.7259827 -1246.74231 92.60641479 87.64027405 -1181.8302 -97.50199127 225.1387177 -1241.32312 45.88161087 227.8675842 -1263.030884 64.49691772 -136.381073 -1117.765991 -204.5462189 -261.1629944 -862.6369019 -458.5289307 -301.2739868 -1202.203247 -388.2763672 -347.6917114 -1106.195801 -379.6717529 -38.65403748 -1179.334717 -232.2478027 225.2690277 -1000.718506 -154.1123657 210.4294739 -898.0257568 -492.2928162 253.292984 -797.2832031 -528.3032837 -3.112670422 -1133.832153 158.5689392 -254.4911194 -595.3656616 190.4078979 -266.3965759 -619.5257568 138.9473572 225.2044525 -1273.469604 85.3599472 195.6887665 -1235.697998 92.32885742 
4 1 1 1 1 1 0.5 0.5 0.5 1 0.5 0.5 1 1 0.5 0.5 0.5 1 0.5 0.5 0.5 1 1 1 1 1 

4 107 6.196 1433081034 478378 1 
1 0 0 0 0 0.07802206278 -0.9969485998 0 -0.002476890804 0.9969485998 0.07802206278 0 0 0 0 1 
10825 40 
4 -82.51097107 -1179.760254 -227.3729401 -38.51157761 -1157.50293 -2.740631104 8.795546532 -1124.040527 210.4161377 97.91653442 -1129.362427 326.5322876 -121.2864456 -1047.318481 109.5127335 -184.9265442 -1008.441284 -67.18835449 -222.0414276 -814.9685669 44.88952637 -269.484436 -623.9906616 160.9605713 143.200531 -1249.892212 95.19088745 89.22852325 -1172.818237 -111.7040482 175.2250824 -1233.859863 78.28507996 174.7259979 -1241.129517 89.69368744 -126.1944733 -1120.747437 -211.0493469 -284.9193115 -858.039856 -335.6446533 -434.7004089 -1083.988037 -449.2287292 -339.954071 -1122.208374 -384.7368164 -34.16453552 -1181.27356 -233.5972595 231.3082428 -1003.793884 -152.5292206 213.693573 -900.6096802 -492.5593262 256.351532 -799.1014404 -528.3564453 -3.11097312 -1134.261475 158.6283875 -254.8046417 -592.6165771 184.8774109 -264.8590393 -610.6937256 133.0890503 220.0148315 -1278.490601 87.3381958 147.4585876 -1222.811035 120.9901886 
4 1 1 1 1 1 0.5 0.5 0.5 1 0.5 1 0.5 1 1 1 1 1 0.5 0.5 0.5 1 1 1 1 1 

4 108 6.231 1433081034 513402 1 
1 0 0 0 0 0.07802206278 -0.9969485998 0 -0.002476890804 0.9969485998 0.07802206278 0 0 0 0 1 
10825 40 
4 -75.34333038 -1182.16272 -228.3208771 -35.40774918 -1158.901123 -3.080589294 8.846077919 -1124.40918 210.5265503 104.2009659 -1134.241943 327.7879333 -119.2740479 -1048.068481 110.1874237 -167.1494141 -981.8134155 -71.93672943 -204.4150543 -791.7070313 45.06173706 -271.6968384 -627.5033569 153.22435 145.8499146 -1252.01123 96.64305878 117.1728363 -1202.30603 -66.39038849 203.2019043 -1269.059326 120.0111923 201.457428 -1262.087158 98.13532257 -115.7177963 -1123.566528 -211.0690308 -290.2831421 -864.5870361 -325.2298584 -527.2142334 -543.7422485 -483.3808594 -475.1195068 -432.0682068 -492.2604065 -30.31485558 -1182.855469 -234.660965 232.0288544 -999.6477661 -149.1622314 211.5561829 -898.0759277 -491.319519 254.4412537 -796.2966309 -527.2755737 -2.721185446 -1134.813965 158.7292023 -254.8720551 -594.9128418 184.8793182 -259.5088501 -588.2982178 115.9090118 233.9301758 -1272.643677 79.74807739 178.0336304 -1239.935913 117.8993301 
4 1 1 1 1 1 0.5 0.5 0.5 1 0.5 0.5 0.5 1 1 0.5 0.5 1 0.5 0.5 0.5 1 1 1 1 1 

4 109 6.268 1433081034 550429 1 
1 0 0 0 0 0.07802206278 -0.9969485998 0 -0.002476890804 0.9969485998 0.07802206278 0 0 0 0 1 
10825 40 
4 -71.14424133 -1185.125732 -228.1675415 -20.44458008 -1167.508667 -2.834960938 32.32162476 -1138.990112 211.8611908 110.6361389 -1139.368042 329.100647 -97.53159332 -1052.758545 115.0755692 -156.9175262 -964.6532593 -70.35671997 -208.4852142 -779.4172363 49.00094604 -273.8155518 -631.2854614 149.9339752 154.4046478 -1260.992188 103.0964432 122.1614914 -1206.25061 -63.1391983 287.7674255 -1247.811279 -35.57181549 331.0374451 -1232.117554 -58.78632355 -110.9650497 -1125.428101 -210.1960449 -310.0214233 -875.7613525 -306.0787964 -580.1642456 -567.1612549 -439.9494019 -528.3607788 -454.3676147 -450.9472656 -27.08488274 -1186.48291 -235.0556488 228.2841797 -992.0448608 -145.4181519 206.3459473 -892.7463379 -490.1327515 251.8525696 -793.1004028 -527.4970703 19.4375 -1148.117554 159.6433105 -252.4103241 -587.8173828 187.53302 -266.4430847 -605.8621826 121.284256 384.989624 -1178.401123 -66.86577606 290.2711487 -1250.489746 7.633468628 
4 1 1 1 1 1 0.5 0.5 0.5 1 0.5 1 1 1 0.5 0.5 0.5 1 0.5 0.5 0.5 1 1 1 1 1 

4 110 6.305 1433081034 586450 1 
1 0 0 0 0 0.07802206278 -0.9969485998 0 -0.002476890804 0.9969485998 0.07802206278 0 0 0 0 1 
10825 40 
4 -54.34319305 -1191.683716 -229.9839325 -9.374165535 -1172.809204 -3.444107056 36.27145386 -1141.739258 212.2533112 116.3489914 -1144.398071 330.060791 -90.02390289 -1053.465942 116.9512177 -141.9964447 -938.4261475 -66.09706879 -207.0466003 -759.9810791 57.08633041 -269.3816223 -623.3693848 152.9242096 160.7491913 -1266.55835 104.737915 130.503067 -1214.32959 -57.2358551 287.1124268 -1247.425903 -36.02610779 332.9099121 -1230.892822 -59.84455109 -89.98970032 -1128.104248 -211.5983582 -304.7869873 -888.6828613 -298.43573 -596.953125 -592.8373413 -420.8040771 -546.8557129 -478.3765259 -431.6685486 -14.54010773 -1196.243286 -237.0979919 225.2105103 -983.5544434 -141.7669067 199.6680145 -892.144165 -489.104187 246.5348206 -793.4493408 -527.3952637 24.80318069 -1151.429321 159.8620605 -254.7214661 -594.4376221 185.5339508 -255.4945679 -587.3357544 124.3517914 385.5613403 -1172.719604 -70.20101929 331.0655823 -1235.173218 -22.23851013 
4 1 1 1 1 1 0.5 0.5 0.5 1 0.5 1 1 1 0.5 0.5 0.5 1 0.5 0.5 0.5 1 1 1 1 1 

4 111 6.341 1433081034 623483 1 
1 0 0 0 0 0.07802206278 -0.9969485998 0 -0.002476890804 0.9969485998 0.07802206278 0 0 0 0 1 
10825 40 
4 -49.72255325 -1192.12793 -230.4155884 -3.914779902 -1174.49646 -3.460868835 41.22172165 -1144.499634 212.8739319 120.9425507 -1148.544312 331.100769 -83.34169769 -1053.542236 119.0125732 -129.9250488 -919.4394531 -58.04581451 -204.2981415 -743.220459 63.41174316 -266.5269165 -614.6817017 147.1366882 164.9323883 -1271.188843 106.7552185 132.0885468 -1216.007935 -57.3999939 333.7879028 -1207.014648 -141.758606 359.9935303 -1169.936157 -131.5947876 -87.66059875 -1127.635254 -211.7118683 -304.1939392 -888.6768188 -296.2116394 -600.3758545 -591.9308472 -416.1584473 -549.3477783 -477.4466553 -426.9227295 -7.915882587 -1197.809082 -237.8381042 239.7846832 -1338.420532 -300.5031128 212.4533691 -1076.404785 -540.1020508 259.7045898 -964.6955566 -555.6951294 30.06684685 -1153.973999 160.3052216 -251.4972382 -589.3770752 189.6989746 -264.2689209 -597.5272827 112.7623978 389.710144 -1091.63269 -141.9334106 379.6016235 -1151.697876 -75.83486176 
4 1 1 1 1 1 0.5 0.5 0.5 1 0.5 1 1 1 0.5 0.5 0.5 1 0.5 0.5 0.5 1 1 1 1 1 

4 112 6.487 1433081034 769572 1 
1 0 0 0 0 0.07802014798 -0.9969241023 0 -0.007430490572 0.9969241023 0.07802014798 0 0 0 0 1 
10825 40 
4 -65.77329254 -1219.041504 -226.4230957 1.34076941 -1189.980713 -1.987632751 59.28670502 -1150.303955 214.8967743 139.4063873 -1157.206299 331.8300781 -55.52179337 -1044.894775 126.1871948 -96.00444794 -867.6691284 -17.07495117 -19.03848839 -716.442688 -88.38789368 -0.09562178701 -652.6815796 -103.6458969 165.3190308 -1263.72168 107.7802124 118.2506943 -1182.37561 -43.24726105 296.1040039 -1251.520508 -42.23467255 333.120697 -1238.421265 -53.19486237 -114.0388031 -1170.197754 -208.2585449 -419.191925 -1069.856934 -178.0717163 -376.8246765 -1157.475708 -577.4037476 -349.3114624 -1132.249023 -445.8681641 -17.16720772 -1203.521973 -233.2225647 21.88161469 -776.9058838 -104.5296173 -57.91101074 -1126.782227 -312.9875183 -9.779676437 -1138.261353 -390.6580505 43.86170959 -1161.616455 162.1198883 37.75919724 -580.9375 -142.5491333 21.4357357 -578.9822388 -146.6930847 388.8324585 -1171.360596 -73.26222992 354.7279968 -1241.007202 -38.85036469 
4 1 1 1 1 1 1 1 1 1 0.5 1 1 1 0.5 0.5 1 1 1 1 0.5 1 1 1 1 1 

4 113 6.524 1433081034 806605 1 
1 0 0 0 0 0.07802014798 -0.9969241023 0 -0.007430490572 0.9969241023 0.07802014798 0 0 0 0 1 
10825 40 
4 -66.1625824 -1218.714478 -226.5779419 1.421769977 -1190.263916 -1.998069763 61.90110397 -1150.379761 214.4768372 142.3500061 -1158.7323 332.5879517 -55.54548645 -1045.143677 126.192627 -84.90283203 -860.3291626 -10.34087372 14.94812965 -668.2918091 -80.47396088 50.04681396 -582.5768433 -106.8393631 165.3610229 -1263.565918 105.0889206 109.0636139 -1164.077271 -92.68320465 299.7477722 -1248.800415 -44.26529694 338.2023315 -1245.165283 -47.29366302 -116.2125702 -1168.865234 -207.442749 -423.5895386 -1179.366211 -232.1052246 -369.7832031 -1158.352417 -596.4453735 -292.5854492 -1070.96106 -633.0924072 -16.14175987 -1203.857544 -234.0461426 31.90678406 -776.7315674 -105.5437622 -36.47491455 -1148.838623 -273.672699 -149.0371552 -1124.751831 -307.59552 45.95936203 -1161.798462 161.8367767 68.74179077 -527.3029175 -118.6812897 24.89102364 -569.2692261 -156.7527313 367.8103638 -1246.000244 -42.59166718 299.6155396 -1263.122925 4.089141846 
4 1 1 1 1 1 1 1 1 1 1 1 1 1 0.5 0.5 0.5 1 0.5 1 1 1 1 1 1 1 

4 114 6.56 1433081034 842621 1 
1 0 0 0 0 0.07802014798 -0.9969241023 0 -0.007430490572 0.9969241023 0.07802014798 0 0 0 0 1 
10825 40 
4 -65.39597321 -1217.676514 -226.0357056 3.196964502 -1189.350464 -1.872497559 68.05316925 -1149.033203 213.2435303 145.2669678 -1158.661865 332.7977295 -48.31987 -1042.398315 126.715744 -81.03769684 -857.7598877 -9.203613281 16.92109489 -665.5391846 -81.41001892 51.4810791 -584.3695068 -107.3159027 172.9113312 -1265.931885 104.5082169 110.6362534 -1164.972656 -90.72741699 301.5417175 -1248.465576 -45.28947449 341.7520142 -1240.885986 -51.75201416 -115.981636 -1168.195068 -206.6093597 -424.0163574 -1179.181763 -232.2845306 -464.8711243 -1187.158813 -544.6311035 -382.8771973 -1145.784058 -437.665802 -13.66209412 -1203.363403 -234.0217133 38.55257034 -775.9995117 -104.426445 -35.26134491 -1146.998047 -272.243927 10.96932602 -1174.217773 -342.7573853 51.4826355 -1160.667114 160.9946594 70.01438904 -527.6370239 -117.4941101 13.38351345 -581.9274292 -162.4776611 370.4837341 -1245.427856 -42.35825348 345.0756226 -1245.744873 -36.11952209 
4 1 1 1 1 1 1 1 1 1 0.5 1 1 1 0.5 0.5 1 1 0.5 1 1 1 1 1 1 1 

4 115 6.597 1433081034 879646 1 
1 0 0 0 0 0.07802014798 -0.9969241023 0 -0.007430490572 0.9969241023 0.07802014798 0 0 0 0 1 
10825 40 
4 -57.17156601 -1212.523315 -225.9835205 8.426996231 -1187.350586 -2.080909729 71.6142807 -1148.675537 212.6733398 147.7710571 -1158.828857 332.8666687 -44.68873978 -1041.175415 127.1736755 -77.12501526 -855.4647827 -7.490333557 19.04247284 -663.1680908 -82.0697937 52.89584351 -584.7294922 -107.7118759 175.7194061 -1265.501709 102.4452133 111.4471283 -1164.096558 -91.98886871 303.3408203 -1247.700562 -46.32448578 344.4548035 -1239.448364 -52.38090515 -97.80480957 -1152.965332 -205.7990723 -409.2048645 -1162.282104 -214.015686 -455.8703308 -1194.776733 -522.8383789 -371.2819824 -1146.397949 -419.4379578 -10.83147144 -1204.026489 -234.3013611 42.39467239 -775.7536621 -103.3385696 -50.30582047 -1132.373657 -292.8602295 -9.474162102 -1155.914551 -368.5718384 55.80675888 -1160.060425 160.4492798 71.64538574 -528.2486572 -118.6437607 23.12528801 -576.5464478 -163.4545898 370.7973938 -1238.283936 -45.71452332 310.5760803 -1253.34021 -6.846313477 
4 1 1 1 1 1 1 1 1 1 0.5 1 1 1 1 0.5 1 1 0.5 1 1 1 1 1 1 1 

4 116 6.633 1433081034 915669 1 
1 0 0 0 0 0.07802014798 -0.9969241023 0 -0.007430490572 0.9969241023 0.07802014798 0 0 0 0 1 
10825 40 
4 -53.77470016 -1210.965332 -225.7768555 11.53458595 -1186.23938 -2.113220215 74.17411041 -1148.099609 212.2645874 150.2175598 -1158.632568 333.0619812 -42.2127533 -1040.430908 127.4263992 -73.508461 -853.4695435 -5.924362183 21.13660812 -661.3365479 -83.04270172 65.30369568 -573.5151978 -106.4424133 179.0251923 -1265.761963 100.7753601 112.2634659 -1163.224365 -92.33797455 304.8943481 -1246.446411 -49.13139343 346.3055725 -1237.552002 -55.93263245 -95.80541992 -1152.323975 -205.5409241 -405.8158875 -1172.629517 -192.3026428 -435.3241272 -1187.373047 -506.1100464 -355.0552063 -1140.234985 -399.3330688 -8.293667793 -1203.986694 -234.3842163 45.63721848 -776.1514282 -101.6486053 -50.23463058 -1131.315918 -292.648407 -10.89409351 -1155.187622 -368.7115479 58.66812897 -1159.419189 160.1141968 91.75801849 -523.3334351 -95.58470154 33.11092377 -564.7994995 -154.7268982 372.0309753 -1242.983154 -43.70365906 302.3556519 -1256.183228 3.026809692 
4 1 1 1 1 1 1 1 1 1 0.5 1 1 1 1 0.5 1 1 0.5 1 1 1 1 1 1 1 

4 117 6.669 1433081034 951695 1 
1 0 0 0 0 0.07802014798 -0.9969241023 0 -0.007430490572 0.9969241023 0.07802014798 0 0 0 0 1 
10825 40 
4 -51.75813293 -1210.206787 -225.2579651 13.78031158 -1185.290161 -2.137145996 76.57969666 -1147.023926 211.4921112 152.0974579 -1157.998413 333.1538696 -40.73928452 -1039.261597 127.9003448 -57.1955452 -847.2798462 -1.164329529 27.37887955 -653.723999 -86.23306274 68.20345306 -573.6228027 -107.0506516 180.4541473 -1265.783447 100.4927292 117.4874954 -1162.599121 -93.64866638 308.7876282 -1245.364136 -51.57395935 348.2970886 -1233.680298 -57.68326569 -94.1209259 -1151.477051 -204.9077454 -404.8467407 -1168.379272 -191.4279785 -435.868103 -1187.28418 -504.7421875 -354.9275208 -1139.926636 -398.4200745 -6.674602985 -1204.319702 -234.1393738 47.76064301 -776.8825073 -99.75202942 -49.79174805 -1130.780029 -292.5935364 -10.49745846 -1153.615356 -369.203186 61.11547089 -1158.429688 159.5341339 101.8817368 -521.1400146 -87.04219818 35.39763641 -559.1334229 -154.5122986 374.7350769 -1239.865356 -45.73116302 306.5331116 -1251.404541 -0.1781311035 
4 1 1 1 1 1 1 1 1 1 0.5 1 1 1 1 0.5 1 1 0.5 1 1 1 1 1 1 1 

4 118 6.706 1433081034 988719 1 
1 0 0 0 0 0.07802014798 -0.9969241023 0 -0.007430490572 0.9969241023 0.07802014798 0 0 0 0 1 
10825 40 
4 -49.7065239 -1209.744385 -224.6858215 15.7503767 -1184.489258 -1.932373047 78.3686676 -1145.942871 211.2273254 153.8987427 -1157.059082 333.1943054 -39.34197235 -1038.498657 127.9884338 -65.11151123 -847.8549194 -1.597625732 27.53928947 -657.1608887 -84.91533661 70.36122131 -573.2956543 -108.2071304 181.9321289 -1265.87793 101.8721237 120.6496658 -1163.179199 -93.11896515 309.8088074 -1244.335327 -53.3842926 349.1872559 -1230.621704 -59.44776154 -92.28329468 -1150.915283 -204.4678345 -402.8633118 -1168.9646 -190.77388 -430.8245239 -1185.502808 -504.6022949 -352.3989868 -1139.125488 -395.7745972 -4.813287735 -1204.638672 -233.5381927 26.2830143 -757.3355103 -181.2166138 -49.90155029 -1147.300171 -291.7828064 -13.48336411 -1198.922974 -343.4425964 62.99982071 -1157.463379 159.3879089 106.7654495 -522.2149048 -86.07917023 33.74238968 -565.5559082 -155.4125977 373.0699463 -1236.222046 -45.82740784 307.3947754 -1252.30603 -0.8398895264 
4 1 1 1 1 1 1 1 1 1 0.5 1 1 1 1 0.5 1 1 1 1 1 1 1 1 1 1 

4 119 6.887 1433081035 169840 1 
1 0 0 0 0 0.07802014798 -0.9969241023 0 -0.007430490572 0.9969241023 0.07802014798 0 0 0 0 1 
10825 40 
4 -43.56559753 -1228.403442 -226.4072876 20.56265068 -1188.313599 -3.107757568 83.45573425 -1141.021118 209.8667755 160.2336426 -1152.181641 332.609436 -35.00471878 -1034.773682 128.543808 -67.61462402 -845.4614868 -2.023376465 31.84207916 -658.0712891 -85.78642273 69.21248627 -576.2518311 -111.4966736 187.2950287 -1264.221558 103.1234665 125.1166916 -1160.140015 -91.25885773 314.864624 -1238.475708 -60.95981598 350.802887 -1224.722778 -65.65144348 -86.56157684 -1169.018555 -208.4770355 -393.1037598 -1157.495728 -126.182518 -402.5979004 -1173.7229 -442.5344849 -330.2713318 -1137.190063 -367.9294128 1.587195039 -1226.240234 -232.7938843 27.26561165 -777.5767212 -182.7501984 103.5505295 -951.135376 -560.187561 174.4490967 -881.2146606 -609.0610962 67.59024048 -1155.301514 158.2436371 97.24002075 -524.499939 -97.60043335 30.39365196 -577.3720093 -161.0457001 375.9876099 -1233.410034 -46.58864594 307.0592651 -1247.789551 -3.01966095 
4 1 1 1 1 1 1 1 1 1 0.5 1 1 1 1 0.5 1 1 0.5 0.5 0.5 1 1 1 1 1 

4 120 6.924 1433081035 206864 1 
1 0 0 0 0 0.08057665825 -0.996671319 0 -0.01239640918 0.996671319 0.08057665825 0 0 0 0 1 
10825 40 
4 -43.94451904 -1230.109985 -223.4117432 20.65011024 -1188.840332 -0.3670196533 83.83937836 -1139.878174 212.1217346 160.8125 -1150.870483 334.6303711 -34.7936821 -1034.265625 131.3839722 -68.60651398 -845.6185913 0.247177124 31.63232994 -658.8790894 -84.64572144 67.71019745 -577.2658691 -111.3091965 187.4968872 -1263.176758 106.2698898 127.9720383 -1161.050537 -89.65822601 315.0265808 -1238.348267 -59.4812851 350.4119263 -1224.448975 -64.47790527 -86.97626495 -1170.443237 -205.5466614 -392.9709778 -1159.563843 -119.770462 -401.8692932 -1174.911255 -436.24823 -329.3459473 -1139.47876 -361.745575 1.252713084 -1227.922974 -229.864563 27.08976746 -779.0227051 -181.0807495 102.4309082 -954.6509399 -558.0204468 173.3487854 -884.7639771 -607.8607788 67.92237091 -1154.667236 160.6379395 93.06318665 -525.1113281 -101.6439972 38.0837822 -561.9173584 -154.8967285 391.9878845 -1215.005127 -53.39206696 307.5736389 -1245.844238 -2.965324402 
4 1 1 1 1 1 1 1 1 1 0.5 1 1 1 1 0.5 1 1 0.5 0.5 0.5 1 1 1 1 1 

4 121 6.96 1433081035 242888 1 
1 0 0 0 0 0.08057665825 -0.996671319 0 -0.01239640918 0.996671319 0.08057665825 0 0 0 0 1 
10825 40 
4 -44.50968552 -1231.123535 -224.0447845 20.63092613 -1189.355957 -0.6650161743 84.02133942 -1139.515625 211.9187012 161.3907318 -1150.252686 334.2122803 -34.76220322 -1034.065674 131.3403931 -68.31122589 -845.3201294 0.1753387451 31.86293411 -658.8062134 -85.4100647 65.47633362 -580.0488892 -111.8401108 187.8277283 -1262.675293 105.9994202 344.83078 -1231.69043 -51.38600159 208.4717102 -1302.9646 -93.79601288 213.6855927 -1297.188965 -62.17328644 -87.67536926 -1171.203735 -206.252121 -403.2355042 -1152.178101 -192.8894653 -441.8389587 -1187.297241 -502.7722778 -357.6720276 -1144.348877 -394.9967041 0.8248938918 -1228.95459 -230.3964844 26.88087845 -779.96698 -181.4032288 101.4083252 -956.4431152 -558.0377197 172.2875214 -886.4099121 -608.2402344 68.0898056 -1154.560791 160.422699 87.94086456 -527.4752808 -106.1636353 35.64742661 -566.1438599 -155.4258881 205.3031158 -1282.884644 -57.95019531 205.97995 -1272.712646 -56.37889862 
4 1 1 1 1 1 1 1 1 1 1 1 1 1 1 0.5 1 1 0.5 0.5 0.5 1 1 1 1 1 

4 122 6.996 1433081035 278911 1 
1 0 0 0 0 0.08057665825 -0.996671319 0 -0.01239640918 0.996671319 0.08057665825 0 0 0 0 1 
10825 40 
4 -45.21712494 -1220.364258 -225.2364502 20.76047897 -1187.174194 -1.31300354 84.12098694 -1139.35376 211.7063599 161.6663666 -1150.112305 334.1102905 -34.75715256 -1034.171265 131.3480988 -68.22525787 -844.7124634 -0.3063735962 32.41435242 -657.84198 -86.81830597 65.47905731 -579.6373901 -112.0510559 187.9600372 -1262.559326 106.1512222 318.8398438 -1243.579224 -44.8647995 305.1954346 -1280.746948 -200.0648804 301.506073 -1296.454102 -251.8638458 -88.93412781 -1158.942139 -206.2680359 -402.2799683 -1161.021484 -189.6557007 -433.4481812 -1187.96167 -501.8395996 -354.1734619 -1143.361938 -390.63797 0.6277956963 -1219.152344 -232.5188599 27.24338531 -770.3477173 -181.3934479 95.86099243 -943.2804565 -560.9101563 166.9851227 -872.8371582 -610.5787354 68.29302979 -1153.977173 160.0634155 87.78608704 -525.7753296 -106.901474 35.17066956 -566.8341064 -155.7254791 292.5898438 -1282.383667 -246.4151764 292.5556946 -1272.506104 -243.2216797 
4 1 1 1 1 1 1 1 1 1 1 0.5 0.5 1 1 0.5 1 1 0.5 0.5 0.5 1 1 1 0.5 0.5 

4 123 7.033 1433081035 314937 1 
1 0 0 0 0 0.08057665825 -0.996671319 0 -0.01239640918 0.996671319 0.08057665825 0 0 0 0 1 
10825 40 
4 -46.62194061 -1225.671997 -226.1858521 20.51067734 -1187.606812 -1.665008545 84.08161926 -1138.841309 211.5561218 161.8137054 -1149.266724 333.72229 -34.8267746 -1033.842773 131.2483978 -68.10884857 -843.7954712 -0.8770675659 32.76751709 -656.7259521 -88.64909363 63.38714981 -580.0800781 -113.5016708 187.912674 -1261.74646 106.315506 318.8052979 -1243.726074 -44.89139557 304.6960754 -1276.724121 -201.8972321 300.8478088 -1291.028564 -254.2997131 -90.35681915 -1163.615234 -207.8418427 -403.6470642 -1163.645996 -182.8152924 -425.2960815 -1184.630493 -496.8872681 -348.6840515 -1141.710938 -383.6446533 -0.7151693106 -1225.56604 -232.8790894 26.49436951 -776.8729248 -182.1143646 95.78916931 -950.2896118 -561.2599487 166.5864716 -879.8470459 -611.6036987 68.26729584 -1153.652344 159.9275055 82.50732422 -525.421875 -113.0823975 29.46766472 -579.2091675 -163.4041138 291.9350586 -1276.990234 -248.8344727 292.1717834 -1269.34668 -244.6369934 
4 1 1 1 1 1 1 1 1 1 1 0.5 0.5 1 1 0.5 1 1 0.5 0.5 0.5 1 1 1 0.5 0.5 

4 124 7.068 1433081035 350966 1 
1 0 0 0 0 0.08057665825 -0.996671319 0 -0.01239640918 0.996671319 0.08057665825 0 0 0 0 1 
10825 40 
4 -47.41909027 -1228.641113 -227.0850677 20.20295906 -1188.736816 -2.213485718 84.05277252 -1138.900879 211.4391327 161.8317261 -1149.422485 333.7185669 -34.85856247 -1033.965454 131.2164154 -68.12593079 -843.857666 -0.9138870239 32.6659584 -656.8919067 -89.10256958 62.85669708 -580.3163452 -114.3044586 187.6673279 -1261.562988 106.6586304 346.2854919 -1229.609253 -51.3052597 208.647934 -1304.838013 -85.97606659 207.7360229 -1287.064331 -57.00689697 -91.23474884 -1166.70105 -209.2028046 -393.394043 -1165.649292 -113.2337646 -403.9580688 -1175.544678 -429.9901428 -326.4583435 -1137.775269 -360.2604675 -1.391450763 -1228.233765 -233.3525696 26.13087082 -779.4536743 -182.5431213 95.67954254 -953.5515747 -561.0078125 166.4629211 -883.0484619 -611.7017212 68.24085236 -1153.828369 159.7776337 85.35277557 -526.2507935 -109.0724182 34.64081192 -564.5807495 -157.1600647 205.4686432 -1283.918823 -57.99691772 203.3345184 -1266.117676 -55.84212494 
4 1 1 1 1 1 1 1 1 1 1 0.5 1 1 1 0.5 1 1 0.5 0.5 0.5 1 1 1 1 0.5 

4 125 7.105 1433081035 387984 1 
1 0 0 0 0 0.08057665825 -0.996671319 0 -0.01239640918 0.996671319 0.08057665825 0 0 0 0 1 
10825 40 
4 -48.42264175 -1231.464111 -227.9841919 19.7500248 -1189.696045 -2.645606995 83.89476776 -1138.74353 211.3561707 161.8050842 -1149.451904 333.6168823 -34.99263382 -1034.009033 131.1546326 -68.19563293 -843.8773193 -1.042510986 32.31352615 -657.1425171 -90.14122009 63.36938477 -580.4786987 -113.8583679 187.3399048 -1261.401978 106.9803009 345.9678955 -1229.695313 -51.03347778 207.3704071 -1304.537842 -82.97064972 205.4259186 -1283.359131 -55.52198792 -92.6937027 -1171.490356 -210.3226166 -395.0077209 -1165.16272 -112.7978134 -405.2142334 -1174.597412 -429.4516907 -326.8720398 -1136.180542 -360.4700317 -1.963631272 -1229.516968 -233.9854126 26.114851 -780.7044678 -182.8314819 95.71510315 -955.0009155 -560.9018555 166.438385 -884.4172363 -611.9224243 68.12150574 -1153.896118 159.6691589 86.29175568 -524.8015747 -111.2990112 23.21277046 -598.1235962 -168.5186157 205.4741364 -1283.953369 -57.99842072 202.468399 -1264.282715 -55.07634735 
4 1 1 1 1 1 1 1 1 1 1 1 1 1 1 0.5 1 1 1 0.5 0.5 1 1 1 1 0.5 

4 126 7.14 1433081035 423008 1 
1 0 0 0 0 0.08057665825 -0.996671319 0 -0.01239640918 0.996671319 0.08057665825 0 0 0 0 1 
10825 40 
4 -48.93423843 -1232.747681 -229.2479858 19.30495071 -1190.554932 -3.416061401 83.71971893 -1138.800415 211.2128906 161.7581177 -1149.697388 333.640686 -35.12667084 -1034.160767 131.1526489 -69.73016357 -844.5933228 -1.554420471 31.81882286 -658.0873413 -90.03194427 64.71704102 -580.5623169 -116.4178467 187.2526398 -1261.448242 106.7089233 346.0074768 -1229.887451 -51.21092224 205.0831146 -1304.1604 -74.03396606 159.092392 -1332.217651 -81.77223969 -93.32149506 -1172.984863 -211.5641327 -405.0947876 -1178.373169 -175.9239502 -421.2879944 -1178.055908 -491.8970337 -344.9259033 -1138.515503 -377.1656494 -2.309687853 -1230.318481 -235.1536255 25.99251747 -781.5033569 -183.2663116 95.44284821 -956.3624268 -561.0559082 166.2059784 -885.6787109 -612.2677002 67.92941284 -1154.059814 159.4143372 101.3668365 -529.0463867 -143.6318817 19.4868927 -611.0036621 -171.8861389 159.493927 -1332.744873 -84.08290863 155.9460907 -1310.880005 -80.06958771 
4 1 1 1 1 1 1 1 1 1 1 0.5 1 1 1 0.5 1 1 0.5 0.5 0.5 1 1 1 0.5 0.5 

