4 0 1.492 1433656174 429200 0 
4 1 1.53 1433656174 467224 0 
4 2 1.567 1433656174 504249 0 
4 3 1.601 1433656174 538272 0 
4 4 1.636 1433656174 573296 0 
4 5 1.67 1433656174 607318 0 
4 6 1.71 1433656174 647344 0 
4 7 1.743 1433656174 680366 0 
4 8 1.781 1433656174 718392 0 
4 9 1.817 1433656174 753416 0 
4 10 1.86 1433656174 797446 0 
4 11 1.905 1433656174 842475 0 
4 12 1.941 1433656174 878499 0 
4 13 1.975 1433656174 912521 0 
4 14 2.01 1433656174 947546 0 
4 15 2.045 1433656174 981567 0 
4 16 2.08 1433656175 17593 0 
4 17 2.115 1433656175 52616 0 
4 18 2.152 1433656175 89639 0 
4 19 2.185 1433656175 122662 0 
4 20 2.221 1433656175 158686 0 
4 21 2.254 1433656175 191707 0 
4 22 2.29 1433656175 227731 0 
4 23 2.323 1433656175 260754 0 
4 24 2.357 1433656175 294776 0 
4 25 2.389 1433656175 326798 0 
4 26 2.421 1433656175 358819 0 
4 27 2.457 1433656175 394843 0 
4 28 2.496 1433656175 433869 0 
4 29 2.536 1433656175 473896 0 
4 30 2.582 1433656175 518926 0 
4 31 2.619 1433656175 555952 0 
4 32 2.654 1433656175 590974 0 
4 33 2.69 1433656175 626998 0 
4 34 2.723 1433656175 659019 0 
4 35 2.758 1433656175 695044 0 
4 36 2.792 1433656175 729066 0 
4 37 2.827 1433656175 764090 0 
4 38 2.86 1433656175 797112 0 
4 39 2.892 1433656175 829134 0 
4 40 2.929 1433656175 866158 0 
4 41 2.966 1433656175 903183 0 
4 42 3.001 1433656175 938206 0 
4 43 3.033 1433656175 970227 0 
4 44 3.069 1433656176 6252 0 
4 45 3.115 1433656176 52284 0 
4 46 3.151 1433656176 88306 0 
4 47 3.186 1433656176 123331 0 
4 48 3.219 1433656176 156351 0 
4 49 3.254 1433656176 191374 0 
4 50 3.288 1433656176 225397 0 
4 51 3.323 1433656176 260420 0 
4 52 3.355 1433656176 292442 0 
4 53 3.391 1433656176 328466 0 
4 54 3.424 1433656176 361488 0 
4 55 3.463 1433656176 400514 0 
4 56 3.495 1433656176 432535 0 
4 57 3.528 1433656176 465558 0 
4 58 3.561 1433656176 498580 0 
4 59 3.597 1433656176 534604 0 
4 60 3.635 1433656176 572629 0 
4 61 3.668 1433656176 605651 0 
4 62 3.702 1433656176 639673 0 
4 63 3.736 1433656176 673697 0 
4 64 3.771 1433656176 708720 0 
4 65 3.805 1433656176 742742 0 
4 66 3.84 1433656176 777767 0 
4 67 3.873 1433656176 810788 0 
4 68 3.908 1433656176 845812 0 
4 69 3.942 1433656176 879835 0 
4 70 3.978 1433656176 915858 0 
4 71 4.017 1433656176 954885 0 
4 72 4.051 1433656176 987907 0 
4 73 4.087 1433656177 23930 0 
4 74 4.122 1433656177 57953 0 
4 75 4.154 1433656177 89975 0 
4 76 4.188 1433656177 124997 0 
4 77 4.221 1433656177 158019 0 
4 78 4.257 1433656177 194045 0 
4 79 4.29 1433656177 227067 0 
4 80 4.322 1433656177 259087 0 
4 81 4.356 1433656177 293110 0 
4 82 4.389 1433656177 326132 0 
4 83 4.424 1433656177 361155 0 
4 84 4.457 1433656177 394177 0 
4 85 4.494 1433656177 430201 0 
4 86 4.526 1433656177 463223 0 
4 87 4.559 1433656177 496245 0 
4 88 4.594 1433656177 531270 0 
4 89 4.649 1433656177 586305 0 
4 90 4.685 1433656177 622331 0 
4 91 4.719 1433656177 656354 0 
4 92 4.754 1433656177 691376 0 
4 93 4.787 1433656177 724398 0 
4 94 4.822 1433656177 759421 0 
4 95 4.856 1433656177 793444 0 
4 96 4.889 1433656177 826465 0 
4 97 4.923 1433656177 860488 0 
4 98 4.955 1433656177 892510 0 
4 99 4.992 1433656177 929535 0 
4 100 5.025 1433656177 962558 0 
4 101 5.058 1433656177 995578 0 
4 102 5.092 1433656178 29897 0 
4 103 5.128 1433656178 64921 0 
4 104 5.165 1433656178 101946 0 
4 105 5.208 1433656178 144976 0 
4 106 5.245 1433656178 181999 0 
4 107 5.278 1433656178 215022 0 
4 108 5.312 1433656178 249044 0 
4 109 5.346 1433656178 283065 0 
4 110 5.382 1433656178 319092 0 
4 111 5.416 1433656178 353112 0 
4 112 5.449 1433656178 386134 0 
4 113 5.483 1433656178 420157 0 
4 114 5.516 1433656178 453179 0 
4 115 5.551 1433656178 488202 0 
4 116 5.584 1433656178 521224 0 
4 117 5.621 1433656178 558249 0 
4 118 5.658 1433656178 595274 0 
4 119 5.695 1433656178 632298 0 
4 120 5.729 1433656178 666321 0 
4 121 5.763 1433656178 700344 0 
4 122 5.797 1433656178 734367 0 
4 123 5.834 1433656178 771392 0 
4 124 5.866 1433656178 803413 0 
4 125 5.901 1433656178 838436 0 
4 126 5.935 1433656178 872460 0 
4 127 5.971 1433656178 908484 0 
4 128 6.004 1433656178 941506 0 
4 129 6.041 1433656178 978530 0 
4 130 6.08 1433656179 17555 0 
4 131 6.116 1433656179 53581 0 
4 132 6.16 1433656179 97609 0 
4 133 6.194 1433656179 131632 0 
4 134 6.23 1433656179 167657 0 
4 135 6.264 1433656179 201679 0 
4 136 6.313 1433656179 250713 0 
4 137 6.351 1433656179 288736 0 
4 138 6.384 1433656179 321759 0 
4 139 6.419 1433656179 356782 0 
4 140 6.46 1433656179 397812 0 
4 141 6.493 1433656179 430831 0 
4 142 6.526 1433656179 463853 0 
4 143 6.562 1433656179 499879 0 
4 144 6.606 1433656179 543907 0 
4 145 6.647 1433656179 583935 0 
4 146 6.693 1433656179 629967 0 
4 147 6.727 1433656179 663987 0 
4 148 6.762 1433656179 699012 0 
4 149 6.794 1433656179 731032 0 
4 150 6.827 1433656179 763053 0 
4 151 6.861 1433656179 798076 0 
4 152 6.895 1433656179 832099 0 
4 153 6.931 1433656179 868124 0 
4 154 6.965 1433656179 902146 0 
4 155 7.002 1433656179 938171 0 
4 156 7.034 1433656179 971192 0 
4 157 7.07 1433656180 6215 0 
4 158 7.103 1433656180 40239 0 
4 159 7.141 1433656180 78264 0 
4 160 7.174 1433656180 111286 0 
