0.799793442927
0.888727966853
0.866246701603
0.834875903854
0.83265386849
0.874634223214
0.75334843614
0.888790529624
0.672692255179
0.826084311934
0.864952477497
0.854958960066
0.887112884752
0.891688715259
0.901613477961
0.795015247379
0.860635779827
0.911180051956
0.862722716393
0.89617917113
0.893393879055
0.791243169679
0.86532301496
0.884837190036
0.880561084348
0.890269798624
0.890418594775
0.742829561297
0.855300176332
0.876509426642
0.85713852
0.911778410912
0.812599011798
0.852763299681
0.876157350553
0.871282772529
0.86028176115
0.74791320434
0.811805184212
0.779419085995
0.895680587391
0.813386995909
0.887926019457
0.828294335195
0.854972257895
0.808038162203
0.868863033988
0.776490593743
0.931581107566
0.87466042602
0.864727989295
0.88471005388
0.774924181681
0.816207204942
0.908304153433
0.908304153433
0.813901487078
0.911523036633
0.869076162347
0.803292673491
0.828499714238
0.847353470138
0.849851695051
0.872749971673
0.74336020041
0.874199898267
0.90884699388
0.819222773337
0.839886216202
0.877503648025
0.890978373782
0.828298306252
0.833188483772
0.813880732833
0.905447426424
0.894879365552
0.883446287899
0.904838070584
